# This project is a bitmap version of color by number. The user can choose between three images, then
# a legend with the corresponding number from 0 to 9 for each color will appear as a dialog box as well
# as in the out stream and the uncolored board will be drawn. The user can then start coloring from the
# top left corner using the corresponding number key or use the w-a-s-d keys to move the coloring cursor
# anywhere on the bitmap display.

.data
#Variables for Image Selection
message: .asciiz "Enter which image you would like (Enter either 1, 2, or 3): "
colorMessage: .asciiz "Colors: 0 - Black, 1 - White, 2 - Green, 3 - Yellow, 4 - Dark Yellow, 5 - Orange, 6 - Red, 7 - Pink, 8 - Purple, 9 - Indigo"
blankString: .asciiz ""
buffer: .word 2
string: .space 1

#Declaration of colors
.eqv BLUE1 0x00B3DBFF
.eqv BLUE2 0x00B3FFBA
.eqv BLUE3 0x00F9FFB3
.eqv BLUE4 0x00FFF5B3
.eqv BLUE5 0x00FFE2B3
.eqv BLUE6 0x00FFB3B3
.eqv BLUE7 0x00FFB3E6
.eqv BLUE8 0x00E6B3FF
.eqv BLUE9 0x00BFB3FF
.eqv BLUE10 0x00C6C6C6
.eqv GRAY1 0x00E5E4E2
.eqv GRAY2 0x00D3D3D3
.eqv GRAY3 0x00C0C0C0
.eqv GRAY4 0x00A9A9A9
.eqv GRAY5 0x00818589
.eqv GRAY6 0x0071797E
.eqv RED1 0x00CC3300
.eqv RED2 0x00E25142
.eqv RED3 0x00C94C3B
.eqv RED4 0x00E46A6A
.eqv GREEN1 0x00006600
.eqv GREEN2 0x006CA151
.eqv GREEN3 0x0093B77F
.eqv GREEN4 0x00C6E2AC
.eqv BLACK 0x00000000
.eqv RED 0x00FF5353
.eqv ORANGE 0x00FFBD53
.eqv GREEN 0x0046FF56
.eqv WHITE 0x00FFFFFF
.eqv YELLOW 0x00F1FF4F
.eqv ORANGEYELLOW 0x00FFE748
.eqv CYAN 0x0000FFFF
.eqv PINK 0x00FF5ECA
.eqv PURPLE 0x00CA5EFF
.eqv INDIGO 0x007960FF
.eqv TURQUOISE 0x0060FFA6
.eqv BLUE 0x0060D4FF

#Creation of Arrays That Store the Corresponding Colors in Order of Number
colors: .word BLUE10, BLUE1, BLUE2, BLUE3, BLUE4, BLUE5, BLUE6, BLUE7, BLUE8, BLUE9, PINK, RED, YELLOW, GREEN, CYAN, PURPLE, WHITE, BLACK, INDIGO, ORANGEYELLOW
setupcolorsd1: BLUE10, BLUE1, BLUE2, BLUE3, BLUE4, BLUE5, BLUE6, BLUE7, BLUE8, BLUE9
colorsd1: .word BLACK, WHITE, GREEN, YELLOW, ORANGEYELLOW, ORANGE, RED, PINK, PURPLE, INDIGO
colorsd2: .word BLACK, WHITE, GREEN1, GREEN2, GREEN3, GREEN4, RED1, RED2, RED3, RED4
colorsd3: .word BLACK, RED, ORANGE, YELLOW, GREEN, TURQUOISE, BLUE, INDIGO, PURPLE, PINK

#Arrays That Hold the Diagram of the Each Image (Each Number Corresponds to the Color That's Supposed to Be Colored There)
image1array: .word 1, 1, 1, 1, 1, 1, 1, 1, 1, 1, 1, 1, 1, 1, 1, 1, 1, 1, 1, 1, 1, 1, 1, 1, 1, 1, 1, 1, 1, 0, 9, 9, 9, 9, 0, 1, 1, 1, 1, 1, 1, 1, 1, 1, 1, 1, 1, 1, 1, 1, 1, 1, 1, 1, 1, 1, 1, 1, 1, 1, 1, 1, 1, 1, #First Row
		   1, 1, 1, 1, 1, 1, 1, 1, 1, 1, 1, 1, 1, 1, 1, 1, 1, 1, 1, 1, 1, 1, 1, 1, 1, 1, 1, 1, 0, 0, 9, 9, 9, 9, 0, 0, 1, 1, 1, 1, 1, 1, 1, 1, 1, 1, 1, 1, 1, 1, 1, 1, 1, 1, 1, 1, 1, 1, 1, 1, 1, 1, 1, 1, #Second Row
		   1, 1, 1, 1, 1, 1, 1, 1, 1, 1, 1, 1, 1, 1, 1, 1, 1, 1, 1, 1, 1, 1, 1, 1, 1, 1, 1, 0, 8, 8, 0, 9, 9, 0, 8, 8, 0, 1, 1, 1, 1, 1, 1, 1, 1, 1, 1, 1, 1, 1, 1, 1, 1, 1, 1, 1, 1, 1, 1, 1, 1, 1, 1, 1, #Third Row
		   1, 1, 1, 1, 1, 1, 1, 1, 1, 1, 1, 1, 1, 1, 0, 0, 1, 1, 1, 1, 0, 0, 0, 0, 0, 0, 0, 0, 8, 8, 8, 0, 0, 8, 8, 8, 0, 0, 0, 0, 0, 0, 0, 0, 1, 1, 1, 1, 0, 0, 1, 1, 1, 1, 1, 1, 1, 1, 1, 1, 1, 1, 1, 1, #Fourth Row
		   1, 1, 1, 1, 1, 1, 1, 1, 1, 1, 1, 1, 1, 0, 9, 9, 0, 1, 1, 0, 0, 8, 8, 8, 8, 8, 8, 8, 0, 8, 8, 0, 0, 8, 8, 0, 8, 8, 8, 8, 8, 8, 8, 0, 0, 1, 1, 0, 9, 9, 0, 1, 1, 1, 1, 1, 1, 1, 1, 1, 1, 1, 1, 1, #Fifth Row
		   1, 1, 1, 1, 1, 0, 0, 1, 1, 1, 1, 1, 1, 0, 9, 9, 0, 1, 0, 8, 0, 8, 8, 8, 0, 0, 8, 0, 7, 0, 0, 7, 7, 0, 0, 7, 0, 8, 0, 0, 8, 8, 8, 0, 8, 0, 1, 0, 9, 9, 0, 1, 1, 1, 1, 1, 1, 0, 0, 1, 1, 1, 1, 1, #Sixth Row
		   1, 1, 1, 1, 0, 9, 9, 0, 1, 1, 1, 1, 1, 1, 0, 0, 1, 0, 8, 8, 0, 8, 8, 0, 7, 7, 0, 7, 7, 7, 0, 7, 7, 0, 7, 7, 7, 0, 7, 7, 0, 8, 8, 0, 8, 8, 0, 1, 0, 0, 1, 1, 1, 1, 1, 1, 0, 9, 9, 0, 1, 1, 1, 1, #Seventh Row
		   1, 1, 1, 1, 0, 9, 9, 0, 1, 1, 1, 1, 1, 1, 1, 1, 0, 8, 8, 8, 0, 8, 8, 0, 7, 7, 0, 7, 7, 7, 0, 7, 7, 0, 7, 7, 7, 0, 7, 7, 0, 8, 8, 0, 8, 8, 8, 0, 1, 1, 1, 1, 1, 1, 1, 1, 0, 9, 9, 0, 1, 1, 1, 1, #Eighth Row
		   1, 1, 1, 1, 1, 0, 0, 1, 0, 0, 0, 1, 1, 1, 1, 0, 8, 0, 0, 0, 0, 0, 0, 0, 7, 7, 0, 7, 7, 0, 7, 0, 0, 7, 0, 7, 7, 0, 7, 7, 0, 0, 0, 0, 0, 0, 0, 8, 0, 1, 1, 1, 1, 0, 0, 0, 1, 0, 0, 1, 1, 1, 1, 1, #Ninth Row
		   1, 1, 1, 1, 1, 1, 1, 0, 9, 9, 9, 0, 1, 1, 0, 8, 8, 0, 7, 7, 0, 6, 6, 6, 0, 0, 0, 7, 0, 7, 7, 7, 7, 7, 7, 0, 7, 0, 0, 0, 6, 6, 6, 0, 7, 7, 0, 8, 8, 0, 1, 1, 0, 9, 9, 9, 0, 1, 1, 1, 1, 1, 1, 1, #Tenth Row
		   1, 1, 1, 1, 1, 1, 1, 0, 9, 9, 9, 0, 1, 0, 8, 8, 8, 0, 7, 7, 0, 6, 6, 0, 7, 7, 7, 0, 6, 0, 7, 7, 7, 7, 0, 6, 0, 7, 7, 7, 0, 6, 6, 0, 7, 7, 0, 8, 8, 8, 0, 1, 0, 9, 9, 9, 0, 1, 1, 1, 1, 1, 1, 1, #Eleventh Row
		   1, 1, 1, 1, 1, 1, 1, 0, 9, 9, 9, 0, 1, 1, 0, 0, 0, 0, 0, 0, 0, 6, 6, 0, 7, 7, 7, 0, 6, 6, 0, 7, 7, 0, 6, 6, 0, 7, 7, 7, 0, 6, 6, 0, 0, 0, 0, 0, 0, 0, 1, 1, 0, 9, 9, 9, 0, 1, 1, 1, 1, 1, 1, 1, #Twelveth Row
		   1, 1, 1, 1, 1, 1, 1, 1, 0, 0, 0, 0, 0, 0, 7, 7, 7, 7, 7, 7, 0, 6, 6, 0, 7, 7, 7, 0, 6, 6, 6, 0, 0, 6, 6, 6, 0, 7, 7, 7, 0, 6, 6, 0, 7, 7, 7, 7, 7, 7, 0, 0, 0, 0, 0, 0, 1, 1, 1, 1, 1, 1, 1, 1, #Thirteenth Row
	           1, 1, 1, 1, 1, 1, 1, 1, 0, 1, 1, 0, 8, 8, 0, 7, 7, 7, 7, 7, 0, 6, 6, 6, 0, 0, 0, 6, 6, 6, 0, 5, 5, 0, 6, 6, 6, 0, 0, 0, 6, 6, 6, 0, 7, 7, 7, 7, 7, 0, 8, 8, 0, 1, 1, 0, 1, 1, 1, 1, 1, 1, 1, 1, #Fourteenth Row
	           1, 1, 1, 1, 1, 1, 1, 0, 8, 0, 0, 0, 8, 8, 0, 0, 0, 0, 7, 7, 0, 6, 6, 6, 6, 6, 6, 0, 6, 6, 0, 5, 5, 0, 6, 6, 0, 6, 6, 6, 6, 6, 6, 0, 7, 7, 0, 0, 0, 0, 8, 8, 0, 0, 0, 8, 0, 1, 1, 1, 1, 1, 1, 1, #Fifteenth Row
		   1, 1, 1, 0, 0, 0, 0, 8, 8, 0, 7, 7, 0, 0, 0, 6, 6, 6, 0, 7, 7, 0, 0, 0, 0, 6, 6, 0, 6, 6, 0, 5, 5, 0, 6, 6, 0, 6, 6, 0, 0, 0, 0, 7, 7, 0, 6, 6, 6, 0, 0, 0, 7, 7, 0, 8, 8, 0, 0, 0, 0, 1, 1, 1, #Sixteenth Row
		   1, 1, 1, 0, 9, 9, 0, 8, 8, 0, 7, 7, 7, 7, 0, 6, 6, 6, 0, 7, 7, 0, 5, 5, 0, 6, 0, 0, 0, 0, 0, 5, 5, 0, 0, 0, 0, 0, 6, 0, 5, 5, 0, 7, 7, 0, 6 ,6, 6, 0, 7, 7, 7, 7, 0, 8, 8, 0, 9, 9, 0, 1, 1, 1, #Seventeenth Row
		   1, 1, 1, 0, 9, 9, 0, 0, 0, 0, 0, 7, 7, 7, 0, 6, 6, 6, 0, 7, 7, 0, 5, 5, 5, 0, 0, 5, 5, 5, 0, 5, 5, 0, 5, 5, 5, 0, 0, 5, 5, 5, 0, 7, 7, 0, 6, 6, 6, 0, 7, 7, 7, 0, 0, 0, 0, 0, 9, 9, 0, 1, 1, 1, #Eighteenth Row
		   1, 1, 1, 1, 0, 0, 8, 0, 8, 8, 0, 7, 7, 7, 7, 0, 0, 0, 0, 0, 0, 0, 5, 5, 5, 0, 5, 5, 5, 5, 5, 0, 0, 5, 5, 5, 5, 5, 0, 5, 5, 5, 0, 0, 0, 0, 0, 0, 0, 7, 7, 7, 7, 0, 8, 8, 0, 8, 0, 0, 1, 1, 1, 1, #Nineteenth Row
		   1, 1, 1, 0, 8, 8, 8, 0, 8, 8, 0, 7, 7, 7, 7, 0, 6, 6, 0, 5, 5, 5, 0, 5, 5, 0, 5, 5, 5, 5, 0, 4, 4, 0, 5, 5, 5, 5, 0, 5, 5, 0, 5, 5, 5, 0, 6, 6, 0, 7, 7, 7, 7, 0, 8, 8, 0, 8, 8, 8, 0, 1, 1, 1, #Twentieth Row
		   1, 1, 1, 0, 8, 8, 8, 0, 0, 0, 0, 0, 0, 7, 7, 0, 6, 6, 0, 5, 5, 5, 5, 0, 0, 0, 0, 5, 5, 5, 0, 4, 4, 0, 5, 5, 5, 0, 0, 0, 0, 5, 5, 5, 5, 0, 6, 6, 0, 7, 7, 0, 0, 0, 0, 0, 0, 8, 8, 8, 0, 1, 1, 1, #Twenty-First Row
	           1, 1, 1, 0, 0, 0, 0, 7, 7, 7, 7, 7, 7, 0, 0, 0, 6, 6, 0, 5, 5, 5, 5, 5, 0, 4, 4, 0, 0, 0, 0, 4, 4, 0, 0, 0, 0, 4, 4, 0, 5, 5, 5, 5, 5, 0, 6, 6, 0, 0, 0, 7, 7, 7, 7, 7, 7, 0, 0, 0, 0, 1, 1, 1, #Twenty-Second Row
		   1, 1, 1, 1, 1, 1, 0, 7, 7, 7, 7, 7, 7, 7, 7, 0, 0, 0, 0, 5, 5, 5, 5, 5, 0, 4, 4, 0, 4, 4, 4, 0, 0, 4, 4, 4, 0, 4, 4, 0, 5, 5, 5, 5, 5, 0, 0, 0, 0, 7, 7, 7, 7, 7, 7, 7, 7, 0, 1, 1, 1, 1, 1, 1, #Twenty-Third Row
	           1, 1, 1, 1, 1, 1, 0, 7, 7, 7, 7, 7, 7, 7, 7, 0, 5, 5, 5, 0, 0, 5, 5, 5, 0, 4, 4, 0, 4, 4, 4, 0, 0, 4, 4, 4, 0, 4, 4, 0, 5, 5, 5, 0, 0, 5, 5, 5, 0, 7, 7, 7, 7, 7, 7, 7, 7, 0, 1, 1, 1, 1, 1, 1, #Twenty-Fourth Row
	           1, 1, 1, 1, 1, 1, 0, 0, 0, 7, 0, 0, 0, 0, 0, 0, 5, 5, 5, 5, 0, 0, 5, 0, 0, 0, 0, 0, 4, 4, 4, 0, 0, 4, 4, 4, 0, 0, 0, 0, 0, 5, 0, 0, 5, 5, 5, 5, 0, 0, 0, 0, 0, 0, 7, 0, 0, 0, 1, 1, 1, 1, 1, 1, #Twenty-Fifth Row
	           1, 1, 1, 1, 1, 0, 8, 8, 0, 0, 7, 7, 7, 0, 6, 0, 5, 5, 5, 5, 5, 0, 5, 0, 4, 4, 4, 0, 4, 4, 4, 0, 0, 4, 4, 4, 0, 4, 4, 4, 0, 5, 0, 5, 5, 5, 5, 5, 0, 6, 0, 7, 7, 7, 0, 0, 8, 8, 0, 1, 1, 1, 1, 1, #Twenty-Sixth Row
	           1, 1, 1, 1, 1, 0, 8, 8, 8, 0, 7, 7, 7, 0, 6, 6, 0, 0, 0, 0, 0, 0, 5, 0, 4, 4, 4, 4, 0, 4, 4, 0, 0, 4, 4, 0, 4, 4, 4, 4, 0, 5, 0, 0, 0, 0, 0, 0, 6, 6, 0, 7, 7, 7, 0, 8, 8, 8, 0, 1, 1, 1, 1, 1, #Twenty-Seventh Row
	           1, 1, 0, 0, 1, 1, 0, 0, 0, 0, 7, 7, 7, 0, 6, 6, 0, 5, 5, 5, 5, 5, 0, 0, 4, 4, 4, 4, 0, 4, 4, 0, 0, 4, 4, 0, 4, 4, 4, 4, 0, 0, 5, 5, 5, 5, 5, 0, 6, 6, 0, 7, 7, 7, 0, 0, 0, 0, 1, 1, 0, 0, 1, 1, #Twenty-Eighth Row
		   1, 0, 8, 8, 0, 1, 1, 1, 1, 0, 0, 0, 0, 6, 6, 6, 0, 5, 5, 5, 5, 0, 4, 4, 0, 4, 4, 4, 4, 0, 0, 3, 3, 0, 0, 4, 4, 4, 4, 0, 4, 4, 0, 5, 5, 5, 5, 0, 6, 6, 6, 0, 0, 0, 0, 1, 1, 1, 1, 0, 8, 8, 0, 1, #Twenty-Ninth Row
          	   0, 8, 8, 8, 0, 1, 1, 0, 7, 0, 6, 6, 6, 6, 6, 0, 5, 0, 0, 0, 4, 4, 4, 4, 0, 4, 4, 0, 3, 3, 3, 3, 3, 3, 0, 4, 4, 0, 4, 4, 4, 4, 0, 0, 0, 5, 0, 6, 6, 6, 6, 6, 0, 7, 0, 1, 1, 0, 8, 8, 8, 0, 0, #Thirtieth Row
		   9, 9, 0, 8, 8, 0, 0, 0, 7, 7, 7, 0, 6, 0, 0, 0, 0, 0, 4, 4, 0, 4, 4, 4, 4, 4, 0, 0, 3, 3, 3, 0, 0, 3, 3, 3, 0, 0, 4, 4, 4, 4, 4, 0, 4, 4, 0, 0, 0, 0, 0, 6, 0, 7, 7, 7, 0, 0, 0, 8, 8, 0, 9, 9, #Thirty-First Row
	           9, 9, 9, 0, 0, 7, 7, 7, 0, 7, 7, 7, 0, 5, 5, 5, 5, 5, 0, 4, 4, 0, 0, 0, 0, 0, 0, 0, 3, 3, 0, 2, 2, 0, 3, 3, 0, 0, 0, 0, 0, 0, 0, 4, 4, 0, 5, 5, 5, 5, 5, 0, 7, 7, 7, 0, 7, 7, 7, 0, 0, 9, 9, 9, #Thirty-Second Row
	           9, 9, 9, 0, 0, 7, 7, 7, 0, 7, 7, 7, 0, 5, 5, 5, 5, 5, 0, 4, 4, 0, 0, 0, 0, 0, 0, 0, 3, 3, 0, 2, 2, 0, 3, 3, 0, 0, 0, 0, 0, 0, 0, 4, 4, 0, 5, 5, 5, 5, 5, 0, 7, 7, 7, 0, 7, 7, 7, 0, 0, 9, 9, 9, #Thirty-Third Row
          	   9, 9, 0, 8, 8, 0, 0, 0, 7, 7, 7, 0, 6, 0, 0, 0, 0, 0, 4, 4, 0, 4, 4, 4, 4, 4, 0, 0, 3, 3, 3, 0, 0, 3, 3, 3, 0, 0, 4, 4, 4, 4, 4, 0, 4, 4, 0, 0, 0, 0, 0, 6, 0, 7, 7, 7, 0, 0, 0, 8, 8, 0, 9, 9, #Thirty-Fourth Row
	           0, 0, 8, 8, 8, 0, 1, 1, 0, 7, 0, 6, 6, 6, 6, 6, 0, 5, 0, 0, 0, 4, 4, 4, 4, 0, 4, 4, 0, 3, 3, 3, 3, 3, 3, 0, 4, 4, 0, 4, 4, 4, 4, 0, 0, 0, 5, 0, 6, 6, 6, 6, 6, 0, 7, 0, 1, 1, 0, 8, 8, 8, 0, 0, #Thirty-Fifth Row
	           1, 0, 8, 8, 0, 1, 1, 1, 1, 0, 0, 0, 0, 6, 6, 6, 0, 5, 5, 5, 5, 0, 4, 4, 0, 4, 4, 4, 4, 0, 0, 3, 3, 0, 0, 4, 4, 4, 4, 0, 4, 4, 0, 5, 5, 5, 5, 0, 6, 6, 6, 0, 0, 0, 0, 1, 1, 1, 1, 0, 8, 8, 0, 1, #Thirty-Sixth Row
	           1, 1, 0, 0, 1, 1, 0, 0, 0, 0, 7, 7, 7, 0, 6, 6, 0, 5, 5, 5, 5, 5, 0, 0, 4, 4, 4, 4, 0, 4, 4, 0, 0, 4, 4, 0, 4, 4, 4, 4, 0, 0, 5, 5, 5, 5, 5, 0, 6, 6, 0, 7, 7, 7, 0, 0, 0, 0, 1, 1, 0, 0, 1, 1, #Thirty-Seventh Row
	           1, 1, 1, 1, 1, 0, 8, 8, 8, 0, 7, 7, 7, 0, 6, 6, 0, 0, 0, 0, 0, 0, 5, 0, 4, 4, 4, 4, 0, 4, 4, 0, 0, 4, 4, 0, 4, 4, 4, 4, 0, 5, 0, 0, 0, 0, 0, 0, 6, 6, 0, 7, 7, 7, 0, 8, 8, 8, 0, 1, 1, 1, 1, 1, #Thirty-Eighth Row
	           1, 1, 1, 1, 1, 0, 8, 8, 0, 0, 7, 7, 7, 0, 6, 0, 5, 5, 5, 5, 5, 0, 5, 0, 4, 4, 4, 0, 4, 4, 4, 0, 0, 4, 4, 4, 0, 4, 4, 4, 0, 5, 0, 5, 5, 5, 5, 5, 0, 6, 0, 7, 7, 7, 0, 0, 8, 8, 0, 1, 1, 1, 1, 1, #Thirty-Ninth Row
		   1, 1, 1, 1, 1, 1, 0, 0, 0, 7, 0, 0, 0, 0, 0, 0, 5, 5, 5, 5, 0, 0, 5, 0, 0, 0, 0, 0, 4, 4, 4, 0, 0, 4, 4, 4, 0, 0, 0, 0, 0, 5, 0, 0, 5, 5, 5, 5, 0, 0, 0, 0, 0, 0, 7, 0, 0, 0, 1, 1, 1, 1, 1, 1, #Fortieth Row
		   1, 1, 1, 1, 1, 1, 0, 7, 7, 7, 7, 7, 7, 7, 7, 0, 5, 5, 5, 0, 0, 5, 5, 5, 0, 4, 4, 0, 4, 4, 4, 0, 0, 4, 4, 4, 0, 4, 4, 0, 5, 5, 5, 0, 0, 5, 5, 5, 0, 7, 7, 7, 7, 7, 7, 7, 7, 0, 1, 1, 1, 1, 1, 1, #Forty-First Row
		   1, 1, 1, 1, 1, 1, 0, 7, 7, 7, 7, 7, 7, 7, 7, 0, 0, 0, 0, 5, 5, 5, 5, 5, 0, 4, 4, 0, 4, 4, 4, 0, 0, 4, 4, 4, 0, 4, 4, 0, 5, 5, 5, 5, 5, 0, 0, 0, 0, 7, 7, 7, 7, 7, 7, 7, 7, 0, 1, 1, 1, 1, 1, 1, #Forty-Second Row
		   1, 1, 1, 0, 0, 0, 0, 7, 7, 7, 7, 7, 7, 0, 0, 0, 6, 6, 0, 5, 5, 5, 5, 5, 0, 4, 4, 0, 0, 0, 0, 4, 4, 0, 0, 0, 0, 4, 4, 0, 5, 5, 5, 5, 5, 0, 6, 6, 0, 0, 0, 7, 7, 7, 7, 7, 7, 0, 0, 0, 0, 1, 1, 1, #Forty-Third Row
		   1, 1, 1, 0, 8, 8, 8, 0, 0, 0, 0, 0, 0, 7, 7, 0, 6, 6, 0, 5, 5, 5, 5, 0, 0, 0, 0, 5, 5, 5, 0, 4, 4, 0, 5, 5, 5, 0, 0, 0, 0, 5, 5, 5, 5, 0, 6, 6, 0, 7, 7, 0, 0, 0, 0, 0, 0, 8, 8, 8, 0, 1, 1, 1, #Forty-Fourth Row
		   1, 1, 1, 0, 8, 8, 8, 0, 8, 8, 0, 7, 7, 7, 7, 0, 6, 6, 0, 5, 5, 5, 0, 5, 5, 0, 5, 5, 5, 5, 0, 4, 4, 0, 5, 5, 5, 5, 0, 5, 5, 0, 5, 5, 5, 0, 6, 6, 0, 7, 7, 7, 7, 0, 8, 8, 0, 8, 8, 8, 0, 1, 1, 1, #Forty-Fifth Row
		   1, 1, 1, 1, 0, 0, 8, 0, 8, 8, 0, 7, 7, 7, 7, 0, 0, 0, 0, 0, 0, 0, 5, 5, 5, 0, 5, 5, 5, 5, 5, 0, 0, 5, 5, 5, 5, 5, 0, 5, 5, 5, 0, 0, 0, 0, 0, 0, 0, 7, 7, 7, 7, 0, 8, 8, 0, 8, 0, 0, 1, 1, 1, 1, #Forty-Sixth Row
	           1, 1, 1, 0, 9, 9, 0, 0, 0, 0, 0, 7, 7, 7, 0, 6, 6, 6, 0, 7, 7, 0, 5, 5, 5, 0, 0, 5, 5, 5, 0, 5, 5, 0, 5, 5, 5, 0, 0, 5, 5, 5, 0, 7, 7, 0, 6, 6, 6, 0, 7, 7, 7, 0, 0, 0, 0, 0, 9, 9, 0, 1, 1, 1, #Forty-Seventh Row
	           1, 1, 1, 0, 9, 9, 0, 8, 8, 0, 7, 7, 7, 7, 0, 6, 6, 6, 0, 7, 7, 0, 5, 5, 0, 6, 0, 0, 0, 0, 0, 5, 5, 0, 0, 0, 0, 0, 6, 0, 5, 5, 0, 7, 7, 0, 6 ,6, 6, 0, 7, 7, 7, 7, 0, 8, 8, 0, 9, 9, 0, 1, 1, 1, #Forty-Eighth Row
	           1, 1, 1, 0, 0, 0, 0, 8, 8, 0, 7, 7, 0, 0, 0, 6, 6, 6, 0, 7, 7, 0, 0, 0, 0, 6, 6, 0, 6, 6, 0, 5, 5, 0, 6, 6, 0, 6, 6, 0, 0, 0, 0, 7, 7, 0, 6, 6, 6, 0, 0, 0, 7, 7, 0, 8, 8, 0, 0, 0, 0, 1, 1, 1, #Forty-Ninth Row
	           1, 1, 1, 1, 1, 1, 1, 0, 8, 0, 0, 0, 8, 8, 0, 0, 0, 0, 7, 7, 0, 6, 6, 6, 6, 6, 6, 0, 6, 6, 0, 5, 5, 0, 6, 6, 0, 6, 6, 6, 6, 6, 6, 0, 7, 7, 0, 0, 0, 0, 8, 8, 0, 0, 0, 8, 0, 1, 1, 1, 1, 1, 1, 1, #Fiftieth Row
	           1, 1, 1, 1, 1, 1, 1, 1, 0, 1, 1, 0, 8, 8, 0, 7, 7, 7, 7, 7, 0, 6, 6, 6, 0, 0, 0, 6, 6, 6, 0, 5, 5, 0, 6, 6, 6, 0, 0, 0, 6, 6, 6, 0, 7, 7, 7, 7, 7, 0, 8, 8, 0, 1, 1, 0, 1, 1, 1, 1, 1, 1, 1, 1, #Fifty-First Row
	           1, 1, 1, 1, 1, 1, 1, 1, 0, 0, 0, 0, 0, 0, 7, 7, 7, 7, 7, 7, 0, 6, 6, 0, 7, 7, 7, 0, 6, 6, 6, 0, 0, 6, 6, 6, 0, 7, 7, 7, 0, 6, 6, 0, 7, 7, 7, 7, 7, 7, 0, 0, 0, 0, 0, 0, 1, 1, 1, 1, 1, 1, 1, 1, #Fifty-Second Row
		   1, 1, 1, 1, 1, 1, 1, 0, 9, 9, 9, 0, 1, 1, 0, 0, 0, 0, 0, 0, 0, 6, 6, 0, 7, 7, 7, 0, 6, 6, 0, 7, 7, 0, 6, 6, 0, 7, 7, 7, 0, 6, 6, 0, 0, 0, 0, 0, 0, 0, 1, 1, 0, 9, 9, 9, 0, 1, 1, 1, 1, 1, 1, 1, #Fifty-Third Row
	           1, 1, 1, 1, 1, 1, 1, 0, 9, 9, 9, 0, 1, 0, 8, 8, 8, 0, 7, 7, 0, 6, 6, 0, 7, 7, 7, 0, 6, 0, 7, 7, 7, 7, 0, 6, 0, 7, 7, 7, 0, 6, 6, 0, 7, 7, 0, 8, 8, 8, 0, 1, 0, 9, 9, 9, 0, 1, 1, 1, 1, 1, 1, 1, #Fifty-Fourth Row
	           1, 1, 1, 1, 1, 1, 1, 0, 9, 9, 9, 0, 1, 1, 0, 8, 8, 0, 7, 7, 0, 6, 6, 6, 0, 0, 0, 7, 0, 7, 7, 7, 7, 7, 7, 0, 7, 0, 0, 0, 6, 6, 6, 0, 7, 7, 0, 8, 8, 0, 1, 1, 0, 9, 9, 9, 0, 1, 1, 1, 1, 1, 1, 1, #Fifty-Fifth Row
		   1, 1, 1, 1, 1, 0, 0, 1, 0, 0, 0, 1, 1, 1, 1, 0, 8, 0, 0, 0, 0, 0, 0, 0, 7, 7, 0, 7, 7, 0, 7, 0, 0, 7, 0, 7, 7, 0, 7, 7, 0, 0, 0, 0, 0, 0, 0, 8, 0, 1, 1, 1, 1, 0, 0, 0, 1, 0, 0, 1, 1, 1, 1, 1, #Fifty-Sixth Row
		   1, 1, 1, 1, 0, 9, 9, 0, 1, 1, 1, 1, 1, 1, 1, 1, 0, 8, 8, 8, 0, 8, 8, 0, 7, 7, 0, 7, 7, 7, 0, 7, 7, 0, 7, 7, 7, 0, 7, 7, 0, 8, 8, 0, 8, 8, 8, 0, 1, 1, 1, 1, 1, 1, 1, 1, 0, 9, 9, 0, 1, 1, 1, 1, #Fifty-Seventh Row
	           1, 1, 1, 1, 0, 9, 9, 0, 1, 1, 1, 1, 1, 1, 0, 0, 1, 0, 8, 8, 0, 8, 8, 0, 7, 7, 0, 7, 7, 7, 0, 7, 7, 0, 7, 7, 7, 0, 7, 7, 0, 8, 8, 0, 8, 8, 0, 1, 0, 0, 1, 1, 1, 1, 1, 1, 0, 9, 9, 0, 1, 1, 1, 1, #Fifty-Eighth Row
		   1, 1, 1, 1, 1, 0, 0, 1, 1, 1, 1, 1, 1, 0, 9, 9, 0, 1, 0, 8, 0, 8, 8, 8, 0, 0, 8, 0, 7, 0, 0, 7, 7, 0, 0, 7, 0, 8, 0, 0, 8, 8, 8, 0, 8, 0, 1, 0, 9, 9, 0, 1, 1, 1, 1, 1, 1, 0, 0, 1, 1, 1, 1, 1, #Fifty-Ninth Row
	           1, 1, 1, 1, 1, 1, 1, 1, 1, 1, 1, 1, 1, 0, 9, 9, 0, 1, 1, 0, 0, 8, 8, 8, 8, 8, 8, 8, 0, 8, 8, 0, 0, 8, 8, 0, 8, 8, 8, 8, 8, 8, 8, 0, 0, 1, 1, 0, 9, 9, 0, 1, 1, 1, 1, 1, 1, 1, 1, 1, 1, 1, 1, 1, #Sixtieth Row
	           1, 1, 1, 1, 1, 1, 1, 1, 1, 1, 1, 1, 1, 1, 0, 0, 1, 1, 1, 1, 0, 0, 0, 0, 0, 0, 0, 0, 8, 8, 8, 0, 0, 8, 8, 8, 0, 0, 0, 0, 0, 0, 0, 0, 1, 1, 1, 1, 0, 0, 1, 1, 1, 1, 1, 1, 1, 1, 1, 1, 1, 1, 1, 1, #Sixty-First Row
	           1, 1, 1, 1, 1, 1, 1, 1, 1, 1, 1, 1, 1, 1, 1, 1, 1, 1, 1, 1, 1, 1, 1, 1, 1, 1, 1, 0, 8, 8, 0, 9, 9, 0, 8, 8, 0, 1, 1, 1, 1, 1, 1, 1, 1, 1, 1, 1, 1, 1, 1, 1, 1, 1, 1, 1, 1, 1, 1, 1, 1, 1, 1, 1, #Sixty-Second Row
	           1, 1, 1, 1, 1, 1, 1, 1, 1, 1, 1, 1, 1, 1, 1, 1, 1, 1, 1, 1, 1, 1, 1, 1, 1, 1, 1, 1, 0, 0, 9, 9, 9, 9, 0, 0, 1, 1, 1, 1, 1, 1, 1, 1, 1, 1, 1, 1, 1, 1, 1, 1, 1, 1, 1, 1, 1, 1, 1, 1, 1, 1, 1, 1, #Sixty-Third Row
	           1, 1, 1, 1, 1, 1, 1, 1, 1, 1, 1, 1, 1, 1, 1, 1, 1, 1, 1, 1, 1, 1, 1, 1, 1, 1, 1, 1, 1, 0, 9, 9, 9, 9, 0, 1, 1, 1, 1, 1, 1, 1, 1, 1, 1, 1, 1, 1, 1, 1, 1, 1, 1, 1, 1, 1, 1, 1, 1, 1, 1, 1, 1, 1, #Sixty-Fourth Row

#Diagram for Image 2
image2array: .word 3, 3, 3, 3, 3, 3, 3, 3, 2, 2, 2, 1, 1, 1, 1, 1, 1, 1, 1, 1, 1, 1, 1, 1, 1, 1, 1, 1, 1, 1, 1, 1, 1, 1, 1, 1, 1, 1, 1, 1, 1, 1, 1, 1, 1, 1, 1, 1, 1, 1, 1, 1, 1, 1, 1, 1, 1, 1, 1, 1, 1, 1, 1, 1, #First Row
	           2, 2, 2, 2, 2, 2, 2, 2, 2, 1, 1, 1, 1, 1, 1, 1, 1, 1, 1, 1, 1, 1, 3, 5, 1, 9, 9, 9, 7, 7, 8, 8, 8, 7, 7, 7, 7, 7, 7, 7, 7, 7, 7, 8, 8, 8, 8, 7, 7, 7, 7, 7, 7, 7, 7, 7, 7, 7, 7, 7, 7, 7, 7, 7, #Second Row
		   2, 2, 2, 2, 2, 2, 1, 1, 1, 1, 1, 1, 1, 1, 1, 1, 1, 1, 1, 1, 1, 1, 3, 5, 1, 9, 9, 9, 9, 7, 7, 8, 8, 8, 8, 7, 7, 7, 7, 7, 7, 9, 6, 6, 6, 8, 8, 8, 7, 7, 7, 7, 7, 7, 7, 7, 7, 7, 7, 7, 7, 7, 9, 9, #Third Row
		   1, 1, 1, 1, 1, 1, 1, 1, 1, 1, 1, 1, 1, 1, 1, 1, 1, 1, 1, 1, 1, 1, 3, 5, 1, 1, 9, 9, 9, 9, 7, 7, 8, 8, 8, 9, 0, 1, 7, 7, 7, 7, 6, 6, 6, 6, 6, 8, 8, 8, 7, 7, 7, 7, 7, 7, 7, 0, 9, 7, 7, 9, 9, 9, #Fourth Row
	           1, 1, 1, 1, 1, 1, 1, 1, 1, 1, 1, 1, 1, 1, 1, 1, 1, 1, 1, 1, 1, 1, 1, 3, 5, 1, 7, 9, 9, 9, 9, 7, 7, 7, 6, 0, 9, 7, 1, 7, 7, 0, 6, 6, 6, 8, 8, 8, 8, 8, 8, 7, 7, 0, 9, 7, 7, 1, 0, 7, 7, 9, 9, 9, #Fifth Row
	           1, 1, 1, 1, 1, 1, 1, 1, 1, 1, 1, 1, 1, 1, 1, 1, 1, 1, 1, 1, 1, 1, 1, 3, 5, 1, 1, 6, 9, 9, 9, 9, 9, 7, 7, 7, 7, 7, 7, 6, 6, 0, 6, 6, 6, 6, 8, 8, 8, 8, 8, 7, 7, 7, 1, 7, 7, 9, 1, 9, 7, 9, 9, 9, #Sixth Row
	           1, 1, 1, 1, 1, 1, 1, 1, 1, 1, 1, 1, 1, 1, 1, 1, 1, 1, 1, 1, 1, 1, 1, 3, 4, 5, 1, 1, 6, 8, 8, 9, 9, 8, 7, 7, 7, 7, 7, 6, 6, 6, 6, 9, 6, 6, 6, 8, 8, 8, 0, 9, 7, 7, 7, 7, 7, 7, 6, 9, 9, 9, 9, 6, #Seventh Row
	           1, 1, 1, 1, 1, 1, 1, 1, 1, 1, 1, 1, 1, 1, 1, 1, 1, 1, 1, 1, 1, 1, 1, 3, 4, 5, 5, 1, 1, 6, 8, 8, 9, 9, 9, 0, 8, 8, 6, 6, 6, 6, 6, 0, 9, 6, 0, 6, 8, 8, 8, 0, 8, 8, 8, 7, 7, 0, 7, 6, 6, 6, 6, 1, #Eighth Row
	           1, 1, 1, 1, 1, 1, 1, 1, 1, 1, 1, 1, 1, 1, 1, 1, 1, 1, 1, 1, 1, 1, 1, 1, 3, 4, 5, 1, 1, 9, 6, 8, 8, 9, 0, 8, 6, 0, 6, 6, 6, 6, 6, 0, 6, 6, 0, 6, 6, 6, 6, 8, 8, 0, 9, 6, 6, 6, 6, 6, 6, 6, 6, 5, #Ninth Row
		   1, 1, 1, 1, 1, 1, 1, 1, 1, 1, 1, 1, 1, 1, 1, 1, 1, 1, 1, 1, 1, 1, 1, 1, 3, 3, 5, 5, 1, 1, 9, 9, 8, 8, 8, 9, 6, 6, 6, 6, 6, 6, 6, 6, 6, 6, 6, 6, 6, 6, 6, 6, 6, 7, 0, 9, 6, 6, 6, 6, 6, 6, 1, 5, #Tenth Row
		   1, 1, 1, 1, 1, 1, 1, 1, 1, 1, 1, 1, 1, 1, 1, 1, 1, 1, 1, 1, 1, 1, 1, 1, 2, 3, 4, 5, 1, 1, 1, 9, 9, 9, 9, 6, 6, 6, 6, 6, 9, 0, 6, 6, 6, 6, 6, 6, 6, 6, 0, 6, 6, 6, 6, 6, 6, 6, 6, 6, 6, 1, 5, 4, #Eleventh Row
		   1, 1, 1, 1, 1, 1, 1, 1, 1, 1, 1, 1, 1, 1, 1, 1, 1, 1, 1, 1, 1, 1, 1, 1, 1, 2, 3, 5, 5, 1, 1, 1, 6, 9, 6, 6, 6, 6, 6, 6, 0, 6, 6, 6, 6, 6, 6, 6, 6, 6, 0, 6, 6, 6, 6, 6, 6, 6, 6, 9, 0, 5, 5, 4, #Twelveth Row
		   1, 1, 1, 1, 1, 1, 1, 1, 1, 1, 1, 1, 1, 1, 1, 1, 1, 1, 1, 1, 1, 1, 1, 1, 1, 2, 2, 4, 5, 5, 1, 1, 1, 6, 6, 6, 6, 6, 6, 6, 6, 6, 6, 6, 6, 6, 6, 6, 6, 6, 6, 6, 6, 6, 6, 6, 6, 6, 6, 1, 5, 5, 4, 2, #Thirteenth Row
	           1, 1, 1, 1, 1, 1, 1, 1, 1, 1, 1, 1, 1, 1, 1, 1, 1, 1, 1, 1, 1, 1, 1, 1, 1, 1, 2, 3, 4, 5, 5, 1, 1, 1, 1, 6, 6, 6, 6, 6, 6, 6, 6, 6, 6, 6, 6, 6, 6, 6, 6, 6, 6, 6, 6, 6, 6, 6, 1, 5, 5, 4, 3, 2, #Fourteenth Row
	           1, 1, 1, 1, 1, 1, 1, 1, 1, 1, 1, 1, 1, 1, 1, 1, 1, 1, 1, 1, 1, 1, 1, 1, 1, 1, 2, 2, 3, 4, 5, 5, 1, 1, 1, 1, 6, 6, 6, 6, 6, 6, 6, 6, 6, 6, 6, 6, 6, 6, 6, 6, 6, 6, 6, 6, 1, 1, 5, 5, 4, 3, 2, 2, #Fifteenth Row
	           1, 1, 1, 1, 1, 1, 1, 1, 1, 1, 1, 1, 1, 1, 1, 1, 1, 1, 1, 1, 1, 1, 1, 1, 1, 1, 1, 2, 2, 3, 4, 5, 5, 5, 1, 1, 1, 1, 1, 6, 6, 6, 6, 6, 6, 6, 6, 6, 6, 6, 6, 6, 6, 6, 1, 1, 5, 5, 5, 4, 3, 2, 2, 1, #Sixteenth Row
		   1, 1, 1, 1, 1, 1, 1, 1, 1, 1, 1, 1, 1, 1, 1, 1, 1, 1, 1, 1, 1, 1, 1, 1, 1, 1, 1, 1, 2, 2, 3, 3, 4, 4, 5, 5, 5, 1, 1, 1, 1, 6, 6, 6, 6, 6, 6, 6, 6, 6, 6, 6, 6, 1, 5, 5, 5, 4, 4, 3, 2, 2, 1, 1, #Seventeenth Row
	           1, 1, 1, 1, 1, 1, 1, 1, 1, 1, 1, 1, 1, 1, 1 ,1, 1, 1, 1, 1, 1, 1, 1, 1, 1, 1, 1, 1, 1, 2, 2, 2, 2, 3, 4, 4, 5, 5, 1, 1, 1, 1, 1, 1, 1, 1, 1, 1, 1, 1, 1, 5, 5, 5, 5, 4, 4, 3, 2, 2, 2, 1, 1, 1, #Eighteenth Row
	           1, 1, 1, 1, 1, 1, 1, 1, 1, 1, 1, 1, 1, 1, 1, 1, 1, 1, 1, 1, 1, 1, 1, 1, 1, 1, 1, 1, 1, 1, 1, 2, 2, 2, 2, 3, 3, 4, 5, 5, 5, 5, 1, 1, 1, 1, 1, 1, 5, 5, 5, 5, 5, 4, 3, 3, 2, 2, 2, 1, 1, 1, 1, 1, #Nineteenth Row
	           1, 1, 1, 1, 1, 1, 1, 1, 1, 1, 1, 1, 1, 1, 1, 1, 1, 1, 1, 1, 1, 1, 1, 1, 1, 1, 1, 1, 1, 1, 1, 1, 1, 2, 2, 2, 2, 3, 3, 3, 4, 4, 4, 5, 5, 5, 5, 4, 4, 4, 4, 3, 3, 3, 2, 2, 2, 1, 1, 1, 1, 1, 1, 1, #Twentieth Row
	           1, 1, 1, 1, 1, 1, 1, 1, 1, 1, 1, 1, 1, 1, 1, 1, 1, 1, 1, 1, 1, 1, 1, 1, 1, 1, 1, 1, 1, 1, 1, 1, 1, 1, 1, 2, 2, 2, 2, 3, 3, 3, 3, 3, 3, 3, 3, 3, 3, 3, 3, 3, 2, 2, 2, 1, 1, 1, 1, 1, 1, 1, 1, 1, #Twenty-First Row
	           8, 8, 8, 7, 7, 7, 7, 7, 7, 7, 7, 7, 7, 7, 7, 7, 7, 7, 7, 7, 9, 9, 1, 5, 3, 1, 1, 1, 1, 1, 1, 1, 1, 1, 1, 1, 1, 2, 2, 2, 2, 2, 2, 2, 2, 2, 2, 2, 2, 2, 2, 2, 2, 1, 1, 1, 1, 1, 1, 1, 1, 1, 1, 1, #Twenty-Second Row
	           6, 8, 8, 8, 7, 7, 7, 7, 7, 7, 7, 7, 7, 7, 7, 7, 7, 7, 9, 9, 9, 9, 1, 5, 3, 1, 1, 1, 1, 1, 1, 1, 1, 1, 1, 1, 1, 1, 1, 1, 2, 2, 2, 2, 2, 2, 2, 2, 2, 2, 1, 1, 1, 1, 1, 1, 1, 1, 1, 1, 1, 1, 1, 1, #Twenty-Third Row
	           6, 6, 6, 8, 8, 8, 7, 7, 7, 7, 7, 7, 7, 0, 9, 7, 7, 9, 9, 9, 9, 1, 5, 5, 3, 1, 1, 1, 1, 1, 1, 1, 1, 1, 1, 1, 1, 1, 1, 1, 1, 1, 1, 1, 1, 1, 1, 1, 1, 1, 1, 1, 1, 1, 1, 1, 1, 1, 1, 1, 1, 1, 1, 1, #Twenty-Fourth Row
	           6, 8, 8, 8, 8, 8, 8, 7, 7, 0, 9, 7, 7, 1, 0, 7, 7, 9, 9, 9, 9, 1, 5, 3, 1, 1, 1, 1, 1, 1, 1, 1, 1, 1, 1, 1, 1, 1, 1, 1, 1, 1, 1, 1, 1, 1, 1, 1, 1, 1, 1, 1, 1, 1, 1, 1, 1, 1, 1, 1, 1, 1, 1, 1, #Twenty-Fifth Row
	           6, 6, 8, 8, 8, 8, 8, 7, 7, 7, 1, 7, 7, 9, 1, 9, 7, 9, 9, 9, 9, 1, 5, 3, 1, 1, 1, 1, 1, 1, 1, 1, 1, 1, 1, 1, 1, 1, 1, 1, 1, 1, 1, 1, 1, 1, 1, 1, 1, 1, 1, 1, 1, 1, 1, 1, 1, 1, 1, 1, 1, 1, 1, 1, #Twenty-Sixth Row
		   6, 6, 6, 8, 8, 8, 0, 9, 7, 7, 7, 7, 7, 7, 6, 9, 9, 9, 9, 6, 1, 5, 4, 3, 1, 1, 1, 1, 1, 1, 1, 1, 1, 1, 1, 1, 1, 1, 1, 1, 1, 1, 1, 1, 1, 1, 1, 1, 1, 1, 1, 1, 1, 1, 1, 1, 1, 1, 1, 1, 1, 1, 1, 1, #Twenty-Seventh Row
		   9, 6, 0, 6, 8, 8, 8, 0, 8, 8, 8, 7, 7, 0, 7, 6, 6, 6, 6, 1, 5, 5, 3, 3, 1, 1, 1, 1, 1, 1, 1, 1, 1, 1, 1, 1, 1, 1, 1, 1, 1, 1, 1, 1, 1, 1, 1, 1, 1, 1, 1, 1, 1, 1, 1, 1, 1, 1, 1, 1, 1, 1, 1, 1, #Twenty-Eighth Row
          	   6, 6, 0, 6, 6, 6, 6, 8, 8, 0, 9, 6, 6, 6, 6, 6, 6, 6, 6, 5, 5, 4, 3, 1, 1, 1, 1, 1, 1, 1, 1, 1, 1, 1, 1, 1, 1, 1, 1, 1, 1, 1, 1, 1, 1, 1, 1, 1, 1, 1, 1, 1, 1, 1, 1, 1, 1, 1, 1, 1, 1, 1, 1, 1, #Twenty-Ninth Row
	           6, 6, 6, 6, 6, 6, 6, 6, 6, 7, 0, 9, 6, 6, 6, 6, 6, 6, 1, 5, 4, 3, 3, 1, 1, 1, 1, 1, 1, 1, 1, 1, 1, 1, 1, 1, 1, 1, 1, 1, 1, 1, 1, 1, 1, 1, 1, 1, 1, 1, 1, 1, 1, 1, 1, 1, 1, 1, 1, 1, 1, 1, 1, 1, #Thirtieth Row
		   6, 6, 6, 6, 6, 6, 0, 6, 6, 6, 6, 6, 6, 6, 6, 6, 6, 1, 5, 4, 3, 3, 1, 1, 1, 1, 1, 1, 1, 1, 1, 1, 1, 1, 1, 1, 1, 1, 1, 1, 1, 1, 1, 1, 1, 1, 1, 1, 1, 1, 1, 1, 1, 1, 1, 1, 1, 1, 1, 1, 1, 1, 1, 1, #Thirty-First Row
		   6, 6, 6, 6, 6, 6, 0, 6, 6, 6, 6, 6, 6, 6, 6, 9, 0, 5, 5, 4, 2, 1, 1, 1, 1, 1, 1, 1, 1, 1, 1, 1, 1, 1, 1, 1, 1, 1, 1, 1, 1, 1, 1, 1, 1, 1, 1, 1, 1, 1, 1, 1, 1, 1, 1, 1, 1, 1, 1, 1, 1, 1, 1, 1, #Thirty-Second Row
	           6, 6, 6, 6, 6, 6, 6, 6, 6, 6, 6, 6, 6, 6, 6, 1, 5, 5, 4, 2, 2, 1, 1, 1, 1, 1, 1, 1, 1, 1, 1, 1, 1, 1, 1, 1, 1, 1, 1, 1, 1, 1, 1, 1, 1, 1, 1, 1, 1, 1, 1, 1, 1, 1, 1, 1, 1, 1, 1, 1, 1, 1, 1, 1, #Thirty-Third Row
	           6, 6, 6, 6, 6, 6, 6, 6, 6, 6, 6, 6, 6, 6, 1, 5, 5, 4, 3, 2, 1, 1, 1, 1, 1, 1, 1, 1, 1, 1, 1, 1, 1, 1, 1, 1, 1, 1, 1, 1, 1, 1, 1, 1, 1, 1, 1, 1, 1, 1, 1, 1, 1, 1, 1, 1, 1, 1, 1, 1, 1, 1, 1, 1, #Thirty-Fourth Row
	           6, 6, 6, 6, 6, 6, 6, 6, 6, 6, 6, 6, 1, 1, 5, 5, 4, 3, 2, 2, 1, 1, 1, 1, 1, 1, 1, 1, 1, 1, 1, 1, 1, 1, 1, 1, 1, 1, 1, 1, 1, 1, 1, 1, 1, 1, 1, 1, 1, 1, 1, 1, 1, 1, 1, 1, 1, 1, 1, 1, 1, 1, 1, 1, #Thirty-Fifth Row
	           6, 6, 6, 6, 6, 6, 6, 6, 6, 6, 1, 1, 5, 5, 5, 4, 3, 2, 2, 1, 1, 1, 1, 1, 1, 1, 1, 1, 1, 1, 1, 1, 1, 1, 1, 1, 1, 1, 1, 1, 1, 1, 1, 1, 1, 1, 1, 1, 1, 1, 1, 1, 1, 1, 1, 1, 1, 1, 1, 1, 1, 1, 1, 1, #Thitry-Sixth Row
          	   6, 6, 6, 6, 6, 6, 6, 6, 6, 1, 5, 5, 5, 4, 4, 3, 2, 2, 1, 1, 1, 1, 1, 1, 1, 1, 1, 1, 1, 1, 1, 1, 1, 1, 1, 1, 1, 1, 1, 1, 1, 1, 1, 1, 1, 1, 1, 1, 1, 1, 1, 1, 1, 1, 1, 1, 1, 1, 1, 1, 1, 1, 1, 1, #Thirty-Seventh Row
	           1, 1, 1, 1, 1, 1, 1, 5, 5, 5, 5, 4, 4, 3, 2, 2, 2, 1, 1, 1, 1, 1, 1, 1, 1, 1, 1, 1, 1, 1, 1, 1, 1, 1, 1, 1, 1, 1, 1, 1, 1, 1, 1, 1, 1, 1, 1, 1, 1, 1, 1, 1, 1, 1, 1, 1, 1, 1, 1, 1, 1, 1, 1, 1, #Thirty-Eighth Row
		   1, 1, 1, 1, 5, 5, 5, 5, 5, 4, 3, 3, 2, 2, 2, 1, 1, 1, 1, 1, 1, 1, 1, 1, 1, 1, 1, 1, 1, 1, 1, 1, 1, 1, 1, 1, 1, 1, 1, 1, 1, 1, 1, 1, 1, 1, 1, 1, 1, 1, 1, 1, 1, 1, 1, 1, 1, 1, 1, 1, 1, 1, 1, 1, #Thirty-Ninth Row
		   5, 5, 5, 4, 4, 4, 4, 3, 3, 3, 2, 2, 2, 1, 1, 1, 1, 1, 1, 1, 1, 1, 1, 1, 1, 1, 1, 1, 1, 1, 1, 1, 1, 1, 1, 1, 1, 1, 1, 1, 1, 1, 1, 1, 1, 1, 1, 1, 1, 1, 1, 1, 1, 1, 1, 1, 1, 1, 1, 1, 1, 1, 1, 1, #Fourthirth Row
	           3, 3, 3, 3, 3, 3, 3, 3, 2, 2, 2, 1, 1, 1, 1, 1, 1, 1, 1, 1, 1, 1, 1, 1, 1, 1, 1, 1, 1, 1, 1, 1, 1, 1, 1, 1, 1, 1, 1, 1, 1, 1, 1, 1, 1, 1, 1, 1, 1, 1, 1, 1, 1, 1, 1, 1, 1, 1, 1, 1, 1, 1, 1, 1, #Forty-First Row
	           2, 2, 2, 2, 2, 2, 2, 2, 2, 1, 1, 1, 1, 1, 1, 1, 1, 1, 1, 1, 1, 1, 3, 5, 1, 9, 9, 9, 7, 7, 8, 8, 8, 7, 7, 7, 7, 7, 7, 7, 7, 7, 7, 8, 8, 8, 8, 7, 7, 7, 7, 7, 7, 7, 7, 7, 7, 7, 7, 7, 7, 7, 7, 7, #Forty-Second Row
	           2, 2, 2, 2, 2, 2, 1, 1, 1, 1, 1, 1, 1, 1, 1, 1, 1, 1, 1, 1, 1, 1, 3, 5, 1, 9, 9, 9, 9, 7, 7, 8, 8, 8, 8, 7, 7, 7, 7, 7, 7, 9, 6, 6, 6, 8, 8, 8, 7, 7, 7, 7, 7, 7, 7, 7, 7, 7, 7, 7, 7, 7, 9, 9, #Forty-Third Row
		   1, 1, 1, 1, 1, 1, 1, 1, 1, 1, 1, 1, 1, 1, 1, 1, 1, 1, 1, 1, 1, 1, 3, 5, 1, 1, 9, 9, 9, 9, 7, 7, 8, 8, 8, 9, 0, 1, 7, 7, 7, 7, 6, 6, 6, 6, 6, 8, 8, 8, 7, 7, 7, 7, 7, 7, 7, 0, 9, 7, 7, 9, 9, 9, #Forty-Fourth Row
	           1, 1, 1, 1, 1, 1, 1, 1, 1, 1, 1, 1, 1, 1, 1, 1, 1, 1, 1, 1, 1, 1, 1, 3, 5, 1, 7, 9, 9, 9, 9, 7, 7, 7, 6, 0, 9, 7, 1, 7, 7, 0, 6, 6, 6, 8, 8, 8, 8, 8, 8, 7, 7, 0, 9, 7, 7, 1, 0, 7, 7, 9, 9, 9, #Forty-Fifth Row
	           1, 1, 1, 1, 1, 1, 1, 1, 1, 1, 1, 1, 1, 1, 1, 1, 1, 1, 1, 1, 1, 1, 1, 3, 5, 1, 1, 6, 9, 9, 9, 9, 9, 7, 7, 7, 7, 7, 7, 6, 6, 0, 6, 6, 6, 6, 8, 8, 8, 8, 8, 7, 7, 7, 1, 7, 7, 9, 1, 9, 7, 9, 9, 9, #Forty-Sixth Row
	           1, 1, 1, 1, 1, 1, 1, 1, 1, 1, 1, 1, 1, 1, 1, 1, 1, 1, 1, 1, 1, 1, 1, 3, 4, 5, 1, 1, 6, 8, 8, 9, 9, 8, 7, 7, 7, 7, 7, 6, 6, 6, 6, 9, 6, 6, 6, 8, 8, 8, 0, 9, 7, 7, 7, 7, 7, 7, 6, 9, 9, 9, 9, 6, #Forty-Seventh Row
	           1, 1, 1, 1, 1, 1, 1, 1, 1, 1, 1, 1, 1, 1, 1, 1, 1, 1, 1, 1, 1, 1, 1, 3, 4, 5, 5, 1, 1, 6, 8, 8, 9, 9, 9, 0, 8, 8, 6, 6, 6, 6, 6, 0, 9, 6, 0, 6, 8, 8, 8, 0, 8, 8, 8, 7, 7, 0, 7, 6, 6, 6, 6, 1, #Forty-Eighth Row
	           1, 1, 1, 1, 1, 1, 1, 1, 1, 1, 1, 1, 1, 1, 1, 1, 1, 1, 1, 1, 1, 1, 1, 1, 3, 4, 5, 1, 1, 9, 6, 8, 8, 9, 0, 8, 6, 0, 6, 6, 6, 6, 6, 0, 6, 6, 0, 6, 6, 6, 6, 8, 8, 0, 9, 6, 6, 6, 6, 6, 6, 6, 6, 5, #Forty-Ninth Row
	           1, 1, 1, 1, 1, 1, 1, 1, 1, 1, 1, 1, 1, 1, 1, 1, 1, 1, 1, 1, 1, 1, 1, 1, 3, 3, 5, 5, 1, 1, 9, 9, 8, 8, 8, 9, 6, 6, 6, 6, 6, 6, 6, 6, 6, 6, 6, 6, 6, 6, 6, 6, 6, 7, 0, 9, 6, 6, 6, 6, 6, 6, 1, 5, #Fiftieth Row
	           1, 1, 1, 1, 1, 1, 1, 1, 1, 1, 1, 1, 1, 1, 1, 1, 1, 1, 1, 1, 1, 1, 1, 1, 2, 3, 4, 5, 1, 1, 1, 9, 9, 9, 9, 6, 6, 6, 6, 6, 9, 0, 6, 6, 6, 6, 6, 6, 6, 6, 0, 6, 6, 6, 6, 6, 6, 6, 6, 6, 6, 1, 5, 4, #Fifty-First Row
		   1, 1, 1, 1, 1, 1, 1, 1, 1, 1, 1, 1, 1, 1, 1, 1, 1, 1, 1, 1, 1, 1, 1, 1, 1, 2, 3, 5, 5, 1, 1, 1, 6, 9, 6, 6, 6, 6, 6, 6, 0, 6, 6, 6, 6, 6, 6, 6, 6, 6, 0, 6, 6, 6, 6, 6, 6, 6, 6, 9, 0, 5, 5, 4, #Fifty-Second Row
		   1, 1, 1, 1, 1, 1, 1, 1, 1, 1, 1, 1, 1, 1, 1, 1, 1, 1, 1, 1, 1, 1, 1, 1, 1, 2, 2, 4, 5, 5, 1, 1, 1, 6, 6, 6, 6, 6, 6, 6, 6, 6, 6, 6, 6, 6, 6, 6, 6, 6, 6, 6, 6, 6, 6, 6, 6, 6, 6, 1, 5, 5, 4, 2, #Fifty-Third Row
		   1, 1, 1, 1, 1, 1, 1, 1, 1, 1, 1, 1, 1, 1, 1, 1, 1, 1, 1, 1, 1, 1, 1, 1, 1, 1, 2, 3, 4, 5, 5, 1, 1, 1, 1, 6, 6, 6, 6, 6, 6, 6, 6, 6, 6, 6, 6, 6, 6, 6, 6, 6, 6, 6, 6, 6, 6, 6, 1, 5, 5, 4, 3, 2, #Fifty-Fourth Row
	           1, 1, 1, 1, 1, 1, 1, 1, 1, 1, 1, 1, 1, 1, 1, 1, 1, 1, 1, 1, 1, 1, 1, 1, 1, 1, 2, 2, 3, 4, 5, 5, 1, 1, 1, 1, 6, 6, 6, 6, 6, 6, 6, 6, 6, 6, 6, 6, 6, 6, 6, 6, 6, 6, 6, 6, 1, 1, 5, 5, 4, 3, 2, 2, #Fifty-Fifth Row
	           1, 1, 1, 1, 1, 1, 1, 1, 1, 1, 1, 1, 1, 1, 1, 1, 1, 1, 1, 1, 1, 1, 1, 1, 1, 1, 1, 2, 2, 3, 4, 5, 5, 5, 1, 1, 1, 1, 1, 6, 6, 6, 6, 6, 6, 6, 6, 6, 6, 6, 6, 6, 6, 6, 1, 1, 5, 5, 5, 4, 3, 2, 2, 1, #Fifty-Sixth Row
	           1, 1, 1, 1, 1, 1, 1, 1, 1, 1, 1, 1, 1, 1, 1, 1, 1, 1, 1, 1, 1, 1, 1, 1, 1, 1, 1, 1, 2, 2, 3, 3, 4, 4, 5, 5, 5, 1, 1, 1, 1, 6, 6, 6, 6, 6, 6, 6, 6, 6, 6, 6, 6, 1, 5, 5, 5, 4, 4, 3, 2, 2, 1, 1, #Fifty-Seventh Row
	           1, 1, 1, 1, 1, 1, 1, 1, 1, 1, 1, 1, 1, 1, 1 ,1, 1, 1, 1, 1, 1, 1, 1, 1, 1, 1, 1, 1, 1, 2, 2, 2, 2, 3, 4, 4, 5, 5, 1, 1, 1, 1, 1, 1, 1, 1, 1, 1, 1, 1, 1, 5, 5, 5, 5, 4, 4, 3, 2, 2, 2, 1, 1, 1, #Fifty-Eighth Row
	           1, 1, 1, 1, 1, 1, 1, 1, 1, 1, 1, 1, 1, 1, 1, 1, 1, 1, 1, 1, 1, 1, 1, 1, 1, 1, 1, 1, 1, 1, 1, 2, 2, 2, 2, 3, 3, 4, 5, 5, 5, 5, 1, 1, 1, 1, 1, 1, 5, 5, 5, 5, 5, 4, 3, 3, 2, 2, 2, 1, 1, 1, 1, 1, #Fifty-Ninth Row
	           1, 1, 1, 1, 1, 1, 1, 1, 1, 1, 1, 1, 1, 1, 1, 1, 1, 1, 1, 1, 1, 1, 1, 1, 1, 1, 1, 1, 1, 1, 1, 1, 1, 2, 2, 2, 2, 3, 3, 3, 4, 4, 4, 5, 5, 5, 5, 4, 4, 4, 4, 3, 3, 3, 2, 2, 2, 1, 1, 1, 1, 1, 1, 1, #Sixtieth Row
	           1, 1, 1, 1, 1, 1, 1, 1, 1, 1, 1, 1, 1, 1, 1, 1, 1, 1, 1, 1, 1, 1, 1, 1, 1, 1, 1, 1, 1, 1, 1, 1, 1, 1, 1, 2, 2, 2, 2, 3, 3, 3, 3, 3, 3, 3, 3, 3, 3, 3, 3, 3, 2, 2, 2, 1, 1, 1, 1, 1, 1, 1, 1, 1, #Sixty-First Row
	           8, 8, 8, 7, 7, 7, 7, 7, 7, 7, 7, 7, 7, 7, 7, 7, 7, 7, 7, 7, 9, 9, 1, 5, 3, 1, 1, 1, 1, 1, 1, 1, 1, 1, 1, 1, 1, 2, 2, 2, 2, 2, 2, 2, 2, 2, 2, 2, 2, 2, 2, 2, 2, 1, 1, 1, 1, 1, 1, 1, 1, 1, 1, 1, #Sixty-Second Row
		   6, 8, 8, 8, 7, 7, 7, 7, 7, 7, 7, 7, 7, 7, 7, 7, 7, 7, 9, 9, 9, 9, 1, 5, 3, 1, 1, 1, 1, 1, 1, 1, 1, 1, 1, 1, 1, 1, 1, 1, 2, 2, 2, 2, 2, 2, 2, 2, 2, 2, 1, 1, 1, 1, 1, 1, 1, 1, 1, 1, 1, 1, 1, 1, #Sixty-Third Row
		   6, 6, 6, 8, 8, 8, 7, 7, 7, 7, 7, 7, 7, 0, 9, 7, 7, 9, 9, 9, 9, 1, 5, 5, 3, 1, 1, 1, 1, 1, 1, 1, 1, 1, 1, 1, 1, 1, 1, 1, 1, 1, 1, 1, 1, 1, 1, 1, 1, 1, 1, 1, 1, 1, 1, 1, 1, 1, 1, 1, 1, 1, 1, 1, #Sixty-Fourth Row

#Diagram for Image 3
image3array: .word 0, 1, 0, 2, 0, 3, 0, 4, 0, 5, 0, 6, 0, 7, 0, 8, 0, 9, 0, 8, 0, 7, 0, 6, 0, 5, 0, 4, 0, 3, 0, 2, 2, 0, 3, 0, 4, 0, 5, 0, 6, 0, 7, 0, 8, 0, 9, 0, 8, 0, 7, 0, 6, 0, 5, 0, 4, 0, 3, 0, 2, 0, 1, 0, #First Row
		   9, 0, 1, 0, 2, 0, 3, 0, 4, 0, 5, 0, 6, 0, 7, 0, 8, 0, 9, 0, 8, 0, 7, 0, 6, 0, 5, 0, 4, 0, 3, 0, 0, 3, 0, 4, 0, 5, 0, 6, 0, 7, 0, 8, 0, 9, 0, 8, 0, 7, 0, 6, 0, 5, 0, 4, 0, 3, 0, 2, 0, 1, 0, 9, #Second Row
		   0, 9, 0, 1, 0, 2, 0, 3, 0, 4, 0, 5, 0, 6, 0, 7, 0, 8, 0, 9, 0, 8, 0, 7, 0, 6, 0, 5, 0, 4, 0, 3, 3, 0, 4, 0, 5 ,0, 6, 0, 7, 0, 8, 0, 9, 0, 8, 0, 7, 0, 6, 0, 5 ,0, 4, 0, 3, 0, 2, 0, 1, 0, 9, 0, #Third Row
	           8, 0, 9, 0, 1, 0, 2, 0, 3, 0, 4 ,0, 5, 0, 6, 0, 7, 0, 8, 0, 9, 0, 8, 0, 7, 0, 6, 0, 5, 0, 4, 0, 0, 4, 0, 5, 0, 6, 0, 7, 0, 8, 0, 9, 0, 8, 0, 7, 0, 6, 0, 5, 0, 4, 0, 3, 0, 2, 0, 1, 0, 9, 0, 8, #Fourth Row
	           0, 8, 0, 9, 0, 1, 0, 2, 0, 3, 0, 4, 0, 5, 0, 6, 0, 7, 0, 8, 0, 9, 0, 8, 0, 7, 0, 6, 0, 5, 0, 4, 4, 0, 5, 0, 6, 0, 7, 0, 8, 0, 9, 0, 8, 0, 7, 0, 6, 0, 5, 0, 4, 0, 3, 0, 2, 0, 1, 0, 9, 0, 8, 0, #Fifth Row
	           7, 0, 8, 0, 9, 0, 1, 0, 2, 0, 3, 0, 4, 0, 5, 0, 6, 0, 7, 0, 8, 0, 9, 0, 8, 0, 7, 0, 6, 0, 5, 0, 0, 5, 0, 6, 0, 7, 0, 8, 0, 9, 0, 8, 0, 7, 0, 6, 0, 5, 0, 4, 0, 3, 0, 2, 0, 1, 0, 9, 0, 8, 0, 7, #Sixth Row
	           0, 7, 0, 8 ,0, 9, 0, 1, 0, 2, 0, 3, 0, 4, 0, 5, 0, 6, 0, 7, 0, 8, 0, 9, 0, 8, 0, 7, 0, 6, 0, 5, 5, 0, 6, 0, 7, 0, 8, 0, 9, 0, 8, 0, 7, 0, 6, 0, 5, 0, 4, 0, 3, 0, 2, 0, 1, 0, 9, 0, 8, 0, 7, 0, #Seventh Row
	           6, 0, 7, 0, 8, 0, 9, 0, 1, 0, 2, 0, 3, 0, 4, 0, 5, 0, 6, 0, 7, 0, 8, 0, 9, 0, 8, 0, 7, 0, 6, 0, 0, 6, 0, 7, 0, 8, 0, 9, 0, 8, 0, 7, 0, 6, 0, 5, 0, 4, 0, 3, 0, 2, 0, 1, 0, 9, 0, 8, 0, 7, 0, 6, #Eighth Row
          	   0, 6, 0, 7, 0, 8 ,0, 9, 0, 1, 0, 2, 0, 3, 0, 4, 0, 5, 0, 6, 0, 7, 0, 8, 0, 9, 0, 8, 0, 7, 0, 6, 6, 0, 7, 0, 8, 0, 9, 0, 8, 0, 7, 0, 6, 0, 5, 0, 4, 0, 3, 0, 2, 0, 1, 0, 9, 0, 8, 0, 7, 0, 6, 0, #Ninth Row
	           5, 0, 6, 0, 7, 0, 8, 0, 9, 0, 1, 0, 2, 0, 3, 0, 4, 0, 5, 0, 6, 0, 7, 0, 8, 0, 9, 0, 8, 0, 7, 0, 0, 7, 0, 8, 0, 9, 0, 8, 0, 7, 0, 6, 0, 5, 0, 4, 0, 3, 0, 2, 0, 1, 0, 9, 0, 8, 0, 7, 0, 6, 0, 5, #Tenth Row
	           0, 5 ,0, 6, 0, 7, 0, 8, 0, 9, 0, 1, 0, 2, 0, 3, 0, 4, 0, 5, 0, 6, 0, 7, 0, 8, 0, 9, 0, 8, 0, 7, 7, 0, 8, 0, 9, 0, 8, 0, 7, 0, 6 ,0, 5, 0, 4, 0, 3, 0, 2, 0, 1, 0, 9, 0, 8, 0, 7, 0, 6, 0, 5, 0, #Eleventh Row
	           4, 0, 5, 0, 6, 0, 7, 0, 8, 0, 9, 0, 1, 0, 2, 0, 3, 0, 4, 0, 5, 0, 6, 0, 7, 0, 8, 0, 9, 0, 8, 0, 0, 8, 0, 9, 0, 8, 0, 7, 0, 6, 0, 5, 0, 4, 0, 3, 0, 2, 0, 1, 0, 9, 0, 8, 0, 7, 0, 6, 0, 5, 0, 4, #Twelveth Row
	           0, 4, 0, 5, 0, 6, 0, 7, 0, 8, 0, 9, 0, 1, 0, 2, 0, 3, 0, 4, 0, 5, 0, 6, 0, 7, 0, 8, 0, 9, 0, 8, 8, 0, 9, 0, 8, 0, 7, 0, 6, 0, 5, 0, 4, 0, 3, 0, 2, 0, 1, 0, 9, 0, 8, 0, 7, 0, 6, 0, 5, 0, 4, 0, #Thirteenth Row
	           3, 0, 4, 0, 5 ,0, 6, 0, 7, 0, 8, 0, 9, 0, 1, 0, 2, 0, 3, 0, 4, 0, 5, 0, 6, 0, 7, 0, 8, 0, 9, 0, 0, 9, 0, 8, 0, 7, 0, 6, 0, 5, 0, 4, 0, 3, 0, 2, 0, 1, 0, 9, 0, 8, 0, 7, 0, 6, 0, 5, 0, 4, 0, 3, #Fourteenth Row
	           0, 3, 0, 4, 0, 5, 0, 6, 0, 7, 0, 8, 0, 9, 0, 1, 0, 2, 0, 3, 0, 4, 0, 5, 0, 6, 0, 7, 0, 8, 0, 9, 9, 0, 8, 0, 7, 0, 6, 0, 5, 0, 4, 0, 3, 0, 2, 0, 1, 0, 9, 0, 8, 0, 7, 0, 6, 0, 5, 0, 4, 0, 3, 0, #Fifteenth Row
          	   2, 0, 3, 0, 4, 0, 5, 0, 6, 0, 7, 0, 8, 0, 9, 0, 1, 0, 2, 0, 3, 0, 4, 0, 5, 0, 6, 0, 7, 0, 8, 0, 0, 8, 0, 7, 0, 6, 0, 5, 0, 4 ,0, 3, 0, 2, 0, 1, 0, 9, 0, 8, 0, 7, 0, 6, 0, 5, 0, 4, 0, 3, 0, 2, #Sixteenth Row
	           0, 2, 0, 3, 0, 4, 0, 5, 0, 6, 0, 7, 0, 8, 0, 9, 0, 1, 0, 2, 0, 3, 0, 4, 0, 5, 0, 6, 0, 7, 0, 8, 8, 0, 7, 0, 6, 0, 5, 0, 4, 0, 3, 0, 2, 0, 1, 0, 9, 0, 8, 0, 7, 0, 6, 0, 5, 0, 4, 0, 3, 0, 2, 0, #Seventeenth Row
	           1, 0, 2, 0, 3, 0, 4, 0, 5, 0, 6, 0, 7, 0, 8, 0, 9, 0, 1, 0, 2, 0, 3, 0, 4, 0, 5, 0, 6, 0, 7, 0, 0, 7, 0, 6, 0, 5, 0, 4, 0, 3, 0, 2, 0, 1, 0, 9, 0, 8, 0, 7, 0, 6, 0, 5, 0, 4, 0, 3, 0, 2, 0, 1, #Eighteenth Row
	           0, 1 ,0, 2, 0, 3, 0, 4, 0, 5, 0, 6, 0, 7, 0, 8, 0, 9, 0, 1, 0, 2, 0, 3, 0, 4, 0, 5, 0, 6, 0, 7, 7, 0, 6, 0, 5, 0, 4, 0, 3, 0, 2, 0, 1, 0, 9, 0, 8, 0, 7, 0, 6, 0, 5, 0, 4, 0, 3, 0, 2, 0, 1, 0, #Nineteenth Row
	           2, 0, 1, 0, 2, 0, 3, 0, 4, 0, 5, 0, 6, 0, 7, 0, 8, 0, 9, 0, 1, 0, 2, 0, 3, 0, 4, 0, 5, 0, 6, 0, 0, 6, 0, 5, 0, 4, 0, 3 ,0, 2, 0, 1, 0, 9, 0, 8, 0, 7, 0, 6, 0, 5, 0, 4, 0, 3, 0, 2, 0, 1, 0, 2, #Twentieth Row
	           0, 2, 0, 1, 0, 2, 0, 3, 0, 4, 0, 5 ,0, 6, 0, 7, 0, 8, 0, 9, 0, 1, 0, 2, 0, 3, 0, 4, 0, 5, 0, 6, 6, 0, 5, 0, 4, 0, 3, 0, 2, 0, 1, 0, 9, 0, 8, 0, 7, 0, 6, 0, 5, 0, 4, 0, 3, 0, 2, 0, 1, 0, 2, 0, #Twenty-First Row
	           3, 0, 2, 0, 1, 0, 2, 0, 3, 0, 4, 0, 5, 0, 6, 0, 7, 0, 8, 0, 9, 0, 1, 0, 2, 0, 3, 0, 4, 0, 5, 0, 0, 5, 0, 4 ,0, 3, 0, 2 ,0, 1, 0, 9, 0, 8, 0, 7, 0, 6, 0, 5, 0, 4, 0, 3, 0, 2, 0, 1, 0, 2, 0, 3, #Twenty-Second Row
	           0, 3, 0, 2, 0, 1, 0, 2, 0, 3, 0, 4, 0, 5, 0, 6, 0, 7, 0, 8, 0, 9, 0, 1, 0, 2, 0, 3, 0, 4, 0, 5, 5, 0, 4, 0, 3, 0, 2, 0, 1, 0, 9, 0, 8, 0, 7, 0, 6, 0, 5, 0, 4, 0, 3, 0, 2, 0, 1, 0, 2, 0, 3, 0, #Twenty-Third Row
	           4, 0, 3, 0, 2, 0, 1, 0, 2, 0, 3, 0, 4, 0, 5, 0, 6, 0, 7, 0, 8, 0, 9, 0, 1, 0, 2, 0, 3, 0, 4, 0, 0, 4, 0, 3, 0, 2, 0, 1, 0, 9, 0, 8, 0, 7, 0, 6, 0, 5, 0, 4, 0, 3, 0, 2, 0, 1, 0, 2, 0, 3, 0, 4, #Twenty-Fourth Row
	           0, 4, 0, 3, 0, 2, 0, 1, 0, 2, 0, 3, 0, 4, 0, 5, 0, 6, 0, 7, 0, 8, 0, 9, 0, 1, 0, 2, 0, 3, 0, 4, 4, 0, 3, 0, 2, 0, 1, 0, 9, 0, 8 ,0, 7, 0, 6, 0, 5, 0, 4, 0, 3, 0, 2, 0, 1, 0, 2, 0, 3, 0, 4, 0, #Twenty-Fifth Row
	           5, 0, 4, 0, 3, 0, 2, 0, 1, 0, 2, 0, 3, 0, 4, 0, 5, 0, 6, 0, 7, 0, 8, 0, 9, 0, 1, 0, 2, 0, 3, 0, 0, 3, 0, 2, 0, 1, 0, 9 ,0, 8, 0, 7, 0, 6, 0, 5, 0, 4, 0, 3, 0, 2, 0, 1, 0, 2, 0, 3, 0, 4, 0, 5, #Twenty-Sixth Row
	           0, 5, 0, 4, 0, 3, 0, 2, 0, 1, 0, 2, 0, 3, 0, 4, 0, 5, 0, 6, 0, 7, 0, 8, 0, 9, 0, 1, 0, 2, 0, 3, 3, 0, 2, 0, 1, 0, 9, 0, 8, 0, 7, 0, 6, 0, 5, 0, 4, 0, 3, 0, 2, 0, 1, 0, 2, 0, 3, 0, 4, 0, 5, 0, #Twenty-Seventh Row
	           6, 0, 5, 0, 4, 0, 3, 0, 2, 0, 1, 0, 2, 0, 3, 0, 4, 0, 5, 0, 6, 0, 7, 0, 8 ,0, 9, 0, 1, 0, 2, 0, 0, 2, 0, 1, 0, 9, 0, 8, 0, 7, 0, 6, 0, 5, 0, 4, 0, 3 ,0, 2, 0, 1, 0, 2, 0, 3, 0, 4, 0, 5, 0, 6, #Twenty-Eighth Row
		   0, 6, 0, 5, 0, 4, 0, 3, 0, 2, 0, 1, 0, 2, 0, 3, 0, 4, 0, 5, 0, 6, 0, 7, 0, 8, 0, 9, 0, 1, 0, 2, 2, 0, 1, 0, 9, 0, 8, 0, 7, 0, 6, 0, 5, 0, 4, 0, 3, 0, 2, 0, 1, 0, 2, 0, 3, 0, 4, 0, 5, 0, 6, 0, #Twenty-Ninth Row
	           7, 0, 6, 0, 5, 0, 4, 0, 3, 0, 2, 0, 1, 0, 2, 0, 3, 0, 4, 0, 5, 0, 6, 0, 7, 0, 8, 0, 9, 0, 1, 0, 0, 1, 0, 9, 0, 8, 0, 7, 0, 6, 0, 5, 0, 4, 0, 3, 0, 2, 0, 1, 0, 2, 0, 3, 0, 4, 0, 5, 0, 6, 0, 7, #Thirtieth Row
	           0, 7, 0, 6, 0, 5, 0, 4, 0, 3, 0, 2, 0, 1, 0, 2, 0, 3, 0, 4, 0, 5, 0, 6, 0, 7, 0, 8, 0, 9, 0, 1, 1, 0, 9, 0, 8, 0, 7, 0, 6, 0, 5, 0, 4, 0, 3, 0, 2, 0, 1, 0, 2, 0, 3, 0, 4, 0, 5, 0, 6, 0, 7, 0, #Thirty-First Row
	           8, 0, 7, 0, 6, 0, 5, 0, 4, 0, 3, 0, 2, 0, 1, 0, 2, 0, 3, 0, 4, 0, 5, 0, 6, 0, 7, 0, 8, 0, 9, 0, 0, 9, 0, 8, 0, 7, 0, 6, 0, 5, 0, 4, 0, 3, 0, 2, 0, 1, 0, 2, 0, 3, 0, 4, 0, 5, 0, 6, 0, 7, 0, 8, #Thirty-Second Row
	           8, 0, 7, 0, 6, 0, 5, 0, 4, 0, 3, 0, 2, 0, 1, 0, 2, 0, 3, 0, 4, 0, 5, 0, 6, 0, 7, 0, 8, 0, 9, 0, 0, 9, 0, 8, 0, 7, 0, 6, 0, 5, 0, 4, 0, 3, 0, 2, 0, 1, 0, 2, 0, 3, 0, 4, 0, 5, 0, 6, 0, 7, 0, 8, #Thirty-Third Row
		   0, 7, 0, 6, 0, 5, 0, 4, 0, 3, 0, 2, 0, 1, 0, 2, 0, 3, 0, 4, 0, 5, 0, 6, 0, 7, 0, 8, 0, 9, 0, 1, 1, 0, 9, 0, 8, 0, 7, 0, 6, 0, 5, 0, 4, 0, 3, 0, 2, 0, 1, 0, 2, 0, 3, 0, 4, 0, 5, 0, 6, 0, 7, 0, #Thirty-Fourth Row
	           7, 0, 6, 0, 5, 0, 4, 0, 3, 0, 2, 0, 1, 0, 2, 0, 3, 0, 4, 0, 5, 0, 6, 0, 7, 0, 8, 0, 9, 0, 1, 0, 0, 1, 0, 9, 0, 8, 0, 7, 0, 6, 0, 5, 0, 4, 0, 3, 0, 2, 0, 1, 0, 2, 0, 3, 0, 4, 0, 5, 0, 6, 0, 7, #Thirty-Fifth Row
	           0, 6, 0, 5, 0, 4, 0, 3, 0, 2, 0, 1, 0, 2, 0, 3, 0, 4, 0, 5, 0, 6, 0, 7, 0, 8, 0, 9, 0, 1, 0, 2, 2, 0, 1, 0, 9, 0, 8, 0, 7, 0, 6, 0, 5, 0, 4, 0, 3, 0, 2, 0, 1, 0, 2, 0, 3, 0, 4, 0, 5, 0, 6, 0, #Thirty-Sixth Row
	           6, 0, 5, 0, 4, 0, 3, 0, 2, 0, 1, 0, 2, 0, 3, 0, 4, 0, 5, 0, 6, 0, 7, 0, 8 ,0, 9, 0, 1, 0, 2, 0, 0, 2, 0, 1, 0, 9, 0, 8, 0, 7, 0, 6, 0, 5, 0, 4, 0, 3 ,0, 2, 0, 1, 0, 2, 0, 3, 0, 4, 0, 5, 0, 6, #Thirty-Seventh Row
	           0, 5, 0, 4, 0, 3, 0, 2, 0, 1, 0, 2, 0, 3, 0, 4, 0, 5, 0, 6, 0, 7, 0, 8, 0, 9, 0, 1, 0, 2, 0, 3, 3, 0, 2, 0, 1, 0, 9, 0, 8, 0, 7, 0, 6, 0, 5, 0, 4, 0, 3, 0, 2, 0, 1, 0, 2, 0, 3, 0, 4, 0, 5, 0, #Thirty-Eighth Row
	           5, 0, 4, 0, 3, 0, 2, 0, 1, 0, 2, 0, 3, 0, 4, 0, 5, 0, 6, 0, 7, 0, 8, 0, 9, 0, 1, 0, 2, 0, 3, 0, 0, 3, 0, 2, 0, 1, 0, 9 ,0, 8, 0, 7, 0, 6, 0, 5, 0, 4, 0, 3, 0, 2, 0, 1, 0, 2, 0, 3, 0, 4, 0, 5, #Thirty-Ninth Row
          	   0, 4, 0, 3, 0, 2, 0, 1, 0, 2, 0, 3, 0, 4, 0, 5, 0, 6, 0, 7, 0, 8, 0, 9, 0, 1, 0, 2, 0, 3, 0, 4, 4, 0, 3, 0, 2, 0, 1, 0, 9, 0, 8 ,0, 7, 0, 6, 0, 5, 0, 4, 0, 3, 0, 2, 0, 1, 0, 2, 0, 3, 0, 4, 0, #Fortirth Row
          	   4, 0, 3, 0, 2, 0, 1, 0, 2, 0, 3, 0, 4, 0, 5, 0, 6, 0, 7, 0, 8, 0, 9, 0, 1, 0, 2, 0, 3, 0, 4, 0, 0, 4, 0, 3, 0, 2, 0, 1, 0, 9, 0, 8, 0, 7, 0, 6, 0, 5, 0, 4, 0, 3, 0, 2, 0, 1, 0, 2, 0, 3, 0, 4, #Fourty-First Row
	           0, 3, 0, 2, 0, 1, 0, 2, 0, 3, 0, 4, 0, 5, 0, 6, 0, 7, 0, 8, 0, 9, 0, 1, 0, 2, 0, 3, 0, 4, 0, 5, 5, 0, 4, 0, 3, 0, 2, 0, 1, 0, 9, 0, 8, 0, 7, 0, 6, 0, 5, 0, 4, 0, 3, 0, 2, 0, 1, 0, 2, 0, 3, 0, #Fourty-Second Row
		   3, 0, 2, 0, 1, 0, 2, 0, 3, 0, 4, 0, 5, 0, 6, 0, 7, 0, 8, 0, 9, 0, 1, 0, 2, 0, 3, 0, 4, 0, 5, 0, 0, 5, 0, 4 ,0, 3, 0, 2 ,0, 1, 0, 9, 0, 8, 0, 7, 0, 6, 0, 5, 0, 4, 0, 3, 0, 2, 0, 1, 0, 2, 0, 3, #Fourty-Third Row
		   0, 2, 0, 1, 0, 2, 0, 3, 0, 4, 0, 5 ,0, 6, 0, 7, 0, 8, 0, 9, 0, 1, 0, 2, 0, 3, 0, 4, 0, 5, 0, 6, 6, 0, 5, 0, 4, 0, 3, 0, 2, 0, 1, 0, 9, 0, 8, 0, 7, 0, 6, 0, 5, 0, 4, 0, 3, 0, 2, 0, 1, 0, 2, 0, #Fourty-Fourth Row
		   2, 0, 1, 0, 2, 0, 3, 0, 4, 0, 5, 0, 6, 0, 7, 0, 8, 0, 9, 0, 1, 0, 2, 0, 3, 0, 4, 0, 5, 0, 6, 0, 0, 6, 0, 5, 0, 4, 0, 3 ,0, 2, 0, 1, 0, 9, 0, 8, 0, 7, 0, 6, 0, 5, 0, 4, 0, 3, 0, 2, 0, 1, 0, 2, #Fourty-Fifth Row
		   0, 1 ,0, 2, 0, 3, 0, 4, 0, 5, 0, 6, 0, 7, 0, 8, 0, 9, 0, 1, 0, 2, 0, 3, 0, 4, 0, 5, 0, 6, 0, 7, 7, 0, 6, 0, 5, 0, 4, 0, 3, 0, 2, 0, 1, 0, 9, 0, 8, 0, 7, 0, 6, 0, 5, 0, 4, 0, 3, 0, 2, 0, 1, 0, #Fourty-Sixth Row
		   1, 0, 2, 0, 3, 0, 4, 0, 5, 0, 6, 0, 7, 0, 8, 0, 9, 0, 1, 0, 2, 0, 3, 0, 4, 0, 5, 0, 6, 0, 7, 0, 0, 7, 0, 6, 0, 5, 0, 4, 0, 3, 0, 2, 0, 1, 0, 9, 0, 8, 0, 7, 0, 6, 0, 5, 0, 4, 0, 3, 0, 2, 0, 1, #Forty-Seventh Row
	           0, 2, 0, 3, 0, 4, 0, 5, 0, 6, 0, 7, 0, 8, 0, 9, 0, 1, 0, 2, 0, 3, 0, 4, 0, 5, 0, 6, 0, 7, 0, 8, 8, 0, 7, 0, 6, 0, 5, 0, 4, 0, 3, 0, 2, 0, 1, 0, 9, 0, 8, 0, 7, 0, 6, 0, 5, 0, 4, 0, 3, 0, 2, 0, #Forty-Eighth Row
	           2, 0, 3, 0, 4, 0, 5, 0, 6, 0, 7, 0, 8, 0, 9, 0, 1, 0, 2, 0, 3, 0, 4, 0, 5, 0, 6, 0, 7, 0, 8, 0, 0, 8, 0, 7, 0, 6, 0, 5, 0, 4 ,0, 3, 0, 2, 0, 1, 0, 9, 0, 8, 0, 7, 0, 6, 0, 5, 0, 4, 0, 3, 0, 2, #Forty-Ninth Row
		   0, 3, 0, 4, 0, 5, 0, 6, 0, 7, 0, 8, 0, 9, 0, 1, 0, 2, 0, 3, 0, 4, 0, 5, 0, 6, 0, 7, 0, 8, 0, 9, 9, 0, 8, 0, 7, 0, 6, 0, 5, 0, 4, 0, 3, 0, 2, 0, 1, 0, 9, 0, 8, 0, 7, 0, 6, 0, 5, 0, 4, 0, 3, 0, #Fiftieth Row
		   3, 0, 4, 0, 5 ,0, 6, 0, 7, 0, 8, 0, 9, 0, 1, 0, 2, 0, 3, 0, 4, 0, 5, 0, 6, 0, 7, 0, 8, 0, 9, 0, 0, 9, 0, 8, 0, 7, 0, 6, 0, 5, 0, 4, 0, 3, 0, 2, 0, 1, 0, 9, 0, 8, 0, 7, 0, 6, 0, 5, 0, 4, 0, 3, #Fifty-First Row
	           0, 4, 0, 5, 0, 6, 0, 7, 0, 8, 0, 9, 0, 1, 0, 2, 0, 3, 0, 4, 0, 5, 0, 6, 0, 7, 0, 8, 0, 9, 0, 8, 8, 0, 9, 0, 8, 0, 7, 0, 6, 0, 5, 0, 4, 0, 3, 0, 2, 0, 1, 0, 9, 0, 8, 0, 7, 0, 6, 0, 5, 0, 4, 0, #Fifty-Second Row
          	   4, 0, 5, 0, 6, 0, 7, 0, 8, 0, 9, 0, 1, 0, 2, 0, 3, 0, 4, 0, 5, 0, 6, 0, 7, 0, 8, 0, 9, 0, 8, 0, 0, 8, 0, 9, 0, 8, 0, 7, 0, 6, 0, 5, 0, 4, 0, 3, 0, 2, 0, 1, 0, 9, 0, 8, 0, 7, 0, 6, 0, 5, 0, 4, #Fifty-Third Row
	           0, 5 ,0, 6, 0, 7, 0, 8, 0, 9, 0, 1, 0, 2, 0, 3, 0, 4, 0, 5, 0, 6, 0, 7, 0, 8, 0, 9, 0, 8, 0, 7, 7, 0, 8, 0, 9, 0, 8, 0, 7, 0, 6 ,0, 5, 0, 4, 0, 3, 0, 2, 0, 1, 0, 9, 0, 8, 0, 7, 0, 6, 0, 5, 0, #Fifty-Fourth Row
	           5, 0, 6, 0, 7, 0, 8, 0, 9, 0, 1, 0, 2, 0, 3, 0, 4, 0, 5, 0, 6, 0, 7, 0, 8, 0, 9, 0, 8, 0, 7, 0, 0, 7, 0, 8, 0, 9, 0, 8, 0, 7, 0, 6, 0, 5, 0, 4, 0, 3, 0, 2, 0, 1, 0, 9, 0, 8, 0, 7, 0, 6, 0, 5, #Fifty-Fifth Row
	           0, 6, 0, 7, 0, 8 ,0, 9, 0, 1, 0, 2, 0, 3, 0, 4, 0, 5, 0, 6, 0, 7, 0, 8, 0, 9, 0, 8, 0, 7, 0, 6, 6, 0, 7, 0, 8, 0, 9, 0, 8, 0, 7, 0, 6, 0, 5, 0, 4, 0, 3, 0, 2, 0, 1, 0, 9, 0, 8, 0, 7, 0, 6, 0, #Fifty-Sixth Row
	           6, 0, 7, 0, 8, 0, 9, 0, 1, 0, 2, 0, 3, 0, 4, 0, 5, 0, 6, 0, 7, 0, 8, 0, 9, 0, 8, 0, 7, 0, 6, 0, 0, 6, 0, 7, 0, 8, 0, 9, 0, 8, 0, 7, 0, 6, 0, 5, 0, 4, 0, 3, 0, 2, 0, 1, 0, 9, 0, 8, 0, 7, 0, 6, #Fifty-Seventh Row
	           0, 7, 0, 8 ,0, 9, 0, 1, 0, 2, 0, 3, 0, 4, 0, 5, 0, 6, 0, 7, 0, 8, 0, 9, 0, 8, 0, 7, 0, 6, 0, 5, 5, 0, 6, 0, 7, 0, 8, 0, 9, 0, 8, 0, 7, 0, 6, 0, 5, 0, 4, 0, 3, 0, 2, 0, 1, 0, 9, 0, 8, 0, 7, 0, #Fifty-Eighth Row
	           7, 0, 8, 0, 9, 0, 1, 0, 2, 0, 3, 0, 4, 0, 5, 0, 6, 0, 7, 0, 8, 0, 9, 0, 8, 0, 7, 0, 6, 0, 5, 0, 0, 5, 0, 6, 0, 7, 0, 8, 0, 9, 0, 8, 0, 7, 0, 6, 0, 5, 0, 4, 0, 3, 0, 2, 0, 1, 0, 9, 0, 8, 0, 7, #Fifty-Ninth Row
	           0, 8, 0, 9, 0, 1, 0, 2, 0, 3, 0, 4, 0, 5, 0, 6, 0, 7, 0, 8, 0, 9, 0, 8, 0, 7, 0, 6, 0, 5, 0, 4, 4, 0, 5, 0, 6, 0, 7, 0, 8, 0, 9, 0, 8, 0, 7, 0, 6, 0, 5, 0, 4, 0, 3, 0, 2, 0, 1, 0, 9, 0, 8, 0, #Sixtieth Row
	           8, 0, 9, 0, 1, 0, 2, 0, 3, 0, 4 ,0, 5, 0, 6, 0, 7, 0, 8, 0, 9, 0, 8, 0, 7, 0, 6, 0, 5, 0, 4, 0, 0, 4, 0, 5, 0, 6, 0, 7, 0, 8, 0, 9, 0, 8, 0, 7, 0, 6, 0, 5, 0, 4, 0, 3, 0, 2, 0, 1, 0, 9, 0, 8, #Sixty-First Row
	           0, 9, 0, 1, 0, 2, 0, 3, 0, 4, 0, 5, 0, 6, 0, 7, 0, 8, 0, 9, 0, 8, 0, 7, 0, 6, 0, 5, 0, 4, 0, 3, 3, 0, 4, 0, 5 ,0, 6, 0, 7, 0, 8, 0, 9, 0, 8, 0, 7, 0, 6, 0, 5 ,0, 4, 0, 3, 0, 2, 0, 1, 0, 9, 0, #Sixty-Second Row
          	   9, 0, 1, 0, 2, 0, 3, 0, 4, 0, 5, 0, 6, 0, 7, 0, 8, 0, 9, 0, 8, 0, 7, 0, 6, 0, 5, 0, 4, 0, 3, 0, 0, 3, 0, 4, 0, 5, 0, 6, 0, 7, 0, 8, 0, 9, 0, 8, 0, 7, 0, 6, 0, 5, 0, 4, 0, 3, 0, 2, 0, 1, 0, 9, #Sixty-Third Row
          	   0, 1, 0, 2, 0, 3, 0, 4, 0, 5, 0, 6, 0, 7, 0, 8, 0, 9, 0, 8, 0, 7, 0, 6, 0, 5, 0, 4, 0, 3, 0, 2, 2, 0, 3, 0, 4, 0, 5, 0, 6, 0, 7, 0, 8, 0, 9, 0, 8, 0, 7, 0, 6, 0, 5, 0, 4, 0, 3, 0, 2, 0, 1, 0, #Sixty-Fourth Row

.eqv WIDTH 64
#Height of Screen in Pixels
.eqv HEIGHT 64

.text
main:
	
	#Sets up Starting Position
	addi 	$a0, $0, 0   # a0 = X = WIDTH/2
	sra 	$a0, $a0, 1
	addi 	$a1, $0, 0   # a1 = Y = HEIGHT/2
	sra 	$a1, $a1, 1
	addi 	$a2, $0, GRAY1
	
	#Prompts the User to Enter the Image Number
	li $v0, 54
	la $a0, message
	la $a1, string
	lw $a2, buffer
	syscall
	
	#Branches to the Function of the Image Number the User Has Selected
	lw $a1, string
	beq $a1, 49, image1
	beq $a1, 50, image2
	beq $a1, 51, image3
	j exit

#Image Diagram for Image 1
image1:
	#Shows the User What Color Corresponds to What Number on the Keyboard
	la $a1, blankString
	la $a0, colorMessage
	li $v0, 59
	syscall
	
	#Prints the Same Color Message to the Output Stream
	li $v0, 4
	la $a0, colorMessage
	syscall
	
	#Resets the Starting Position of the Pixel
	addi 	$a0, $0, 0   # a0 = X = WIDTH/2
	sra 	$a0, $a0, 1
	addi 	$a1, $0, 0   # a1 = Y = HEIGHT/2
	sra 	$a1, $a1, 1
	
	#Draws the Image Diagram by Coloring Each Pixel the Color That Corresponds to the Number at its index in image1array
	li $t0, 0
	draw_diagram1:
		#Stores the Number/Color The Pixel Should be Colored
		lw $t1, image1array($t0)
		#Adjusts t1 from the Color That Will be Used to the Index that the Color is Stored at in array colors
		li $t2, 4
		mult $t1, $t2
		mflo $t1
		#Accesses the Color at Index t1
		lw $a2, colors($t1)
		#Draws the Pixel With that Color
		jal draw_pixel
		#t0++
		addi $t0, $t0, 4
		#Loops until the Full 64 x 64 Square Has Been Colored
		bne $t0, 16384, draw_diagram1
	
	#End of Image Drawing
	li $t0, 0
	li $t2, 40

	#Adds the colors Colors That Are Going to Be Colored by the User after the Starting Diagram Colors
	loadCorrectColors1:
		lw $t1, colorsd1($t0)
		sw $t1, colors($t2)
		addi $t0, $t0, 4
		addi $t2, $t2, 4
		bne $t0, 40, loadCorrectColors1

	# Resets Starting Position
	addi 	$a0, $0, 0   # a0 = X = WIDTH/2
	sra 	$a0, $a0, 1
	addi 	$a1, $0, 0   # a1 = Y = HEIGHT/2
	sra 	$a1, $a1, 1
	addi 	$a2, $0, GRAY1
	jal draw_pixel
	j loop1

#Image Diagram for Image 2
image2:
	#Shows the User What Color Corresponds to What Number on the Keyboard
	la $a1, blankString
	la $a0, colorMessage
	li $v0, 59
	syscall
	
	#Prints the Same Color Message to the Output Stream
	li $v0, 4
	la $a0, colorMessage
	syscall
	
	#Resets the Starting Position of the Pixel
	addi 	$a0, $0, 0   # a0 = X = WIDTH/2
	sra 	$a0, $a0, 1
	addi 	$a1, $0, 0   # a1 = Y = HEIGHT/2
	sra 	$a1, $a1, 1
	
	#Draws the Image Diagram by Coloring Each Pixel the Color That Corresponds to the Number at its index in image1array
	li $t0, 0
	draw_diagram2:
		#Stores the Number/Color The Pixel Should be Colored
		lw $t1, image2array($t0)
		#Adjusts t1 from the Color That Will be Used to the Index that the Color is Stored at in array colors
		li $t2, 4
		mult $t1, $t2
		mflo $t1
		#Accesses the Color at Index t1
		lw $a2, colors($t1)
		#Draws the Pixel With that Color
		jal draw_pixel
		#t0++
		addi $t0, $t0, 4
		#Loops until the Full 64 x 64 Square Has Been Colored
		bne $t0, 16384, draw_diagram2
	
	#End of Image Drawing
	li $t0, 0
	li $t2, 40

	#Adds the colors Colors That Are Going to Be Colored by the User after the Starting Diagram Colors
	loadCorrectColors2:
		lw $t1, colorsd2($t0)
		sw $t1, colors($t2)
		addi $t0, $t0, 4
		addi $t2, $t2, 4
		bne $t0, 40, loadCorrectColors2

	#Resets Starting Position
	addi 	$a0, $0, 0   # a0 = X = WIDTH/2
	sra 	$a0, $a0, 1
	addi 	$a1, $0, 0   # a1 = Y = HEIGHT/2
	sra 	$a1, $a1, 1
	addi 	$a2, $0, GRAY1
	jal draw_pixel
	j loop2

#Image Diagram for Image 3
image3:
	#Shows the User What Color Corresponds to What Number on the Keyboard
	la $a1, blankString
	la $a0, colorMessage
	li $v0, 59
	syscall
	
	#Prints the Same Color Message to the Output Stream
	li $v0, 4
	la $a0, colorMessage
	syscall
	
	#Resets the Starting Position of the Pixel
	addi 	$a0, $0, 0   # a0 = X = WIDTH/2
	sra 	$a0, $a0, 1
	addi 	$a1, $0, 0   # a1 = Y = HEIGHT/2
	sra 	$a1, $a1, 1
	
	#Draws the Image Diagram by Coloring Each Pixel the Color That Corresponds to the Number at its index in image1array
	li $t0, 0
	draw_diagram3:
		#Stores the Number/Color The Pixel Should be Colored
		lw $t1, image3array($t0)
		#Adjusts t1 from the Color That Will be Used to the Index that the Color is Stored at in array colors
		li $t2, 4
		mult $t1, $t2
		mflo $t1
		#Accesses the Color at Index t1
		lw $a2, colors($t1)
		#Draws the Pixel With that Color
		jal draw_pixel
		#t0++
		addi $t0, $t0, 4
		#Loops until the Full 64 x 64 Square Has Been Colored
		bne $t0, 16384, draw_diagram3
	
	#End of Image Drawing
	li $t0, 0
	li $t2, 40

	#Adds the colors Colors That Are Going to Be Colored by the User after the Starting Diagram Colors
	loadCorrectColors3:
		lw $t1, colorsd3($t0)
		sw $t1, colors($t2)
		addi $t0, $t0, 4
		addi $t2, $t2, 4
		bne $t0, 40, loadCorrectColors3

	#Resets Starting Position
	addi 	$a0, $0, 0   # a0 = X = WIDTH/2
	sra 	$a0, $a0, 1
	addi 	$a1, $0, 0   # a1 = Y = HEIGHT/2
	sra 	$a1, $a1, 1
	addi 	$a2, $0, GRAY1
	jal draw_pixel
	j loop3

#Checking for Input for Image 1
loop1:
	#Check for Input
	lw $t0, 0xffff0000  #t1 Holds if Input Available
    	beq $t0, 0, loop1   #If No Input, Keep Displaying
	
	#Process Input
	lw 	$s1, 0xffff0004
	beq	$s1, 32, exit	# input space
	beq	$s1, 119, up1 	# input w
	beq	$s1, 115, down1 # input s
	beq	$s1, 97, left1 # input a
	beq	$s1, 100, right1 # input d
	beq	$s1, 48, color01 # input 0
	beq	$s1, 49, color11 # input 1
	beq	$s1, 50, color21 # input 2
	beq	$s1, 51, color31 # input 3
	beq	$s1, 52, color41 # input 4
	beq	$s1, 53, color51 # input 5
	beq	$s1, 54, color61 # input 6
	beq	$s1, 55, color71 # input 7
	beq	$s1, 56, color81 # input 8
	beq	$s1, 57, color91 # input 9
	#Invalid Input, Ignore
	j	loop1
	
	#Process Valid Input

#Checking for Input for Image 2
loop2:
	#Check for Input
	lw $t0, 0xffff0000  #t1 Holds if Input Available
    	beq $t0, 0, loop2   #If No Input, Keep Displaying
	
	#Process Input
	lw 	$s1, 0xffff0004
	beq	$s1, 32, exit	# input space
	beq	$s1, 119, up2 	# input w
	beq	$s1, 115, down2 # input s
	beq	$s1, 97, left2 # input a
	beq	$s1, 100, right2 # input d
	beq	$s1, 48, color02 # input 0
	beq	$s1, 49, color12 # input 1
	beq	$s1, 50, color22 # input 2
	beq	$s1, 51, color32 # input 3
	beq	$s1, 52, color42 # input 4
	beq	$s1, 53, color52 # input 5
	beq	$s1, 54, color62 # input 6
	beq	$s1, 55, color72 # input 7
	beq	$s1, 56, color82 # input 8
	beq	$s1, 57, color92 # input 9
	#Invalid Input, Ignore
	j	loop2
	
	#Process Valid Input

#Checking for Input for Image 3
loop3:
	#Check for Input
	lw $t0, 0xffff0000  #t1 Holds if Input Available
    	beq $t0, 0, loop3   #If No Input, Keep Displaying
	
	#Process Input
	lw 	$s1, 0xffff0004
	beq	$s1, 32, exit	# input space
	beq	$s1, 119, up3 	# input w
	beq	$s1, 115, down3 # input s
	beq	$s1, 97, left3 # input a
	beq	$s1, 100, right3 # input d
	beq	$s1, 48, color03 # input 0
	beq	$s1, 49, color13 # input 1
	beq	$s1, 50, color23 # input 2
	beq	$s1, 51, color33 # input 3
	beq	$s1, 52, color43 # input 4
	beq	$s1, 53, color53 # input 5
	beq	$s1, 54, color63 # input 6
	beq	$s1, 55, color73 # input 7
	beq	$s1, 56, color83 # input 8
	beq	$s1, 57, color93 # input 9
	#Invalid Input, Ignore
	j	loop3
	
	#Process Valid Input

#Moves the Current Position Pixel Up 1	
up1:	
	#Accesses the Original Color of the Pixel that the Gray Pixel is Currently At
	li $t8, 256
	mult $a1, $t8
	mflo $a3
	subi $a3, $a3, 4
	li $t8, 4
	mult $a0, $t8
	mflo $t7
	add $a3, $a3, $t7
	lw $a2, image1array($a3)
	mult $a2, $t8
	mflo $t7
	lw $a2, colors($t7)
	addi $a0, $a0, -1

	#Draws the Original Color at the Current Position
	jal	draw_pixel
	addi $a0, $a0, -1
	addi	$a1, $a1, -1

	#Draws the Gray Pixel 1 Above the Old Gray Pixel
	addi 	$a2, $0, GRAY1
	jal	draw_pixel
	j	loop1

#Moves the Current Position Pixel Down 1	
down1:	
	#Accesses the Original Color of the Pixel that the Gray Pixel is Currently At
	li $t8, 256
	mult $a1, $t8
	mflo $a3
	subi $a3, $a3, 4
	li $t8, 4
	mult $a0, $t8
	mflo $t7
	add $a3, $a3, $t7
	lw $a2, image1array($a3)
	mult $a2, $t8
	mflo $t7
	lw $a2, colors($t7)
	addi $a0, $a0, -1

	#Draws the Original Color at the Current Position
	jal	draw_pixel
	addi $a0, $a0, -1
	addi	$a1, $a1, 1
	addi 	$a2, $0, GRAY1

	#Draws the Gray Pixel 1 Above the Old Gray Pixel
	jal	draw_pixel
	j	loop1

#Moves the Current Position Pixel Left 1	
left1:	
	#Accesses the Original Color of the Pixel that the Gray Pixel is Currently At
	li $t8, 256
	mult $a1, $t8
	mflo $a3
	subi $a3, $a3, 4
	li $t8, 4
	mult $a0, $t8
	mflo $t7
	add $a3, $a3, $t7
	lw $a2, image1array($a3)
	mult $a2, $t8
	mflo $t7
	lw $a2, colors($t7)
	addi $a0, $a0, -1

	#Draws the Original Color at the Current Position
	jal	draw_pixel
	addi	$a0, $a0, -2
	addi 	$a2, $0, GRAY1

	#Draws the Gray Pixel 1 Above the Old Gray Pixel
	jal	draw_pixel
	j	loop1

#Moves the Current Position Pixel Right 1	
right1:	
	#Accesses the Original Color of the Pixel that the Gray Pixel is Currently At
	li $t8, 256
	mult $a1, $t8
	mflo $a3
	subi $a3, $a3, 4
	li $t8, 4
	mult $a0, $t8
	mflo $t7
	add $a3, $a3, $t7
	lw $a2, image1array($a3)
	mult $a2, $t8
	mflo $t7
	lw $a2, colors($t7)
	addi $a0, $a0, -1

	#Draws the Original Color at the Current Position
	jal	draw_pixel
	addi 	$a2, $0, GRAY1

	#Draws the Gray Pixel 1 Above the Old Gray Pixel
	jal	draw_pixel	
	j	loop1

#Colors the Pixel Black
color01:	
	li $t0, 40
	addi $a0, $a0, -1

	#Stores the Color Needed to Be Used
	lw	$a2, colors($t0)

	#Colors the Pixel
	jal	draw_pixel

	#Changes the Value of image1array at the Position to the New Color
	li $t8, 256
	mult $a1, $t8
	mflo $a3
	subi $a3, $a3, 4
	li $t8, 4
	mult $a0, $t8
	mflo $t7
	add $a3, $a3, $t7
	li $t8, 10
	sw $t8, image1array($a3)
	addi 	$a2, $0, GRAY1

	#Draws the Gray Pixel 1 Right of the Colored Pixel
	jal	draw_pixel
	j	loop1

#Colors the Pixel White
color11:	
	li $t0, 44
	addi $a0, $a0, -1

	#Stores the Color Needed to Be Used
	lw	$a2, colors($t0)

	#Colors the Pixel
	jal	draw_pixel

	#Changes the Value of image1array at the Position to the New Color
	li $t8, 256
	mult $a1, $t8
	mflo $a3
	subi $a3, $a3, 4
	li $t8, 4
	mult $a0, $t8
	mflo $t7
	add $a3, $a3, $t7
	li $t8, 11
	sw $t8, image1array($a3)
	addi 	$a2, $0, GRAY1

	#Draws the Gray Pixel 1 Right of the Colored Pixel
	jal	draw_pixel
	j	loop1

#Colors the Pixel Green
color21:	
	li $t0, 48
	addi $a0, $a0, -1

	#Stores the Color Needed to Be Used
	lw	$a2, colors($t0)

	#Colors the Pixel
	jal	draw_pixel

	#Changes the Value of image1array at the Position to the New Color
	li $t8, 256
	mult $a1, $t8
	mflo $a3
	subi $a3, $a3, 4
	li $t8, 4
	mult $a0, $t8
	mflo $t7
	add $a3, $a3, $t7
	li $t8, 12
	sw $t8, image1array($a3)
	addi 	$a2, $0, GRAY1

	#Draws the Gray Pixel 1 Right of the Colored Pixel
	jal	draw_pixel
	j	loop1

#Colors the Pixel Yellow
color31:	
	li $t0, 52
	addi $a0, $a0, -1

	#Stores the Color Needed to Be Used
	lw	$a2, colors($t0)

	#Colors the Pixel
	jal	draw_pixel

	#Changes the Value of image1array at the Position to the New Color
	li $t8, 256
	mult $a1, $t8
	mflo $a3
	subi $a3, $a3, 4
	li $t8, 4
	mult $a0, $t8
	mflo $t7
	add $a3, $a3, $t7
	li $t8, 13
	sw $t8, image1array($a3)
	addi 	$a2, $0, GRAY1

	#Draws the Gray Pixel 1 Right of the Colored Pixel
	jal	draw_pixel
	j	loop1

#Colors the Pixel Dark Yellow
color41:	
	li $t0, 56
	addi $a0, $a0, -1

	#Stores the Color Needed to Be Used
	lw	$a2, colors($t0)

	#Colors the Pixel
	jal	draw_pixel

	#Changes the Value of image1array at the Position to the New Color
	li $t8, 256
	mult $a1, $t8
	mflo $a3
	subi $a3, $a3, 4
	li $t8, 4
	mult $a0, $t8
	mflo $t7
	add $a3, $a3, $t7
	li $t8, 14
	sw $t8, image1array($a3)
	addi 	$a2, $0, GRAY1

	#Draws the Gray Pixel 1 Right of the Colored Pixel
	jal	draw_pixel
	j	loop1

#Colors the Pixel Orange
color51:	
	li $t0, 60
	addi $a0, $a0, -1

	#Stores the Color Needed to Be Used
	lw	$a2, colors($t0)

	#Colors the Pixel
	jal	draw_pixel

	#Changes the Value of image1array at the Position to the New Color
	li $t8, 256
	mult $a1, $t8
	mflo $a3
	subi $a3, $a3, 4
	li $t8, 4
	mult $a0, $t8
	mflo $t7
	add $a3, $a3, $t7
	li $t8, 15
	sw $t8, image1array($a3)
	addi 	$a2, $0, GRAY1

	#Draws the Gray Pixel 1 Right of the Colored Pixel
	jal	draw_pixel
	j	loop1

#Colors the Pixel Red
color61:	
	li $t0, 64
	addi $a0, $a0, -1

	#Stores the Color Needed to Be Used
	lw	$a2, colors($t0)

	#Colors the Pixel
	jal	draw_pixel

	#Changes the Value of image1array at the Position to the New Color
	li $t8, 256
	mult $a1, $t8
	mflo $a3
	subi $a3, $a3, 4
	li $t8, 4
	mult $a0, $t8
	mflo $t7
	add $a3, $a3, $t7
	li $t8, 16
	sw $t8, image1array($a3)
	addi 	$a2, $0, GRAY1

	#Draws the Gray Pixel 1 Right of the Colored Pixel
	jal	draw_pixel
	j	loop1

#Colors the Pixel Pink
color71:	
	li $t0, 68
	addi $a0, $a0, -1

	#Stores the Color Needed to Be Used
	lw	$a2, colors($t0)

	#Colors the Pixel
	jal	draw_pixel

	#Changes the Value of image1array at the Position to the New Color
	li $t8, 256
	mult $a1, $t8
	mflo $a3
	subi $a3, $a3, 4
	li $t8, 4
	mult $a0, $t8
	mflo $t7
	add $a3, $a3, $t7
	li $t8, 17
	sw $t8, image1array($a3)
	addi 	$a2, $0, GRAY1

	#Draws the Gray Pixel 1 Right of the Colored Pixel
	jal	draw_pixel
	j	loop1

#Colors the Pixel Purple
color81:	
	li $t0, 72
	addi $a0, $a0, -1

	#Stores the Color Needed to Be Used
	lw	$a2, colors($t0)

	#Colors the Pixel
	jal	draw_pixel

	#Changes the Value of image1array at the Position to the New Color
	li $t8, 256
	mult $a1, $t8
	mflo $a3
	subi $a3, $a3, 4
	li $t8, 4
	mult $a0, $t8
	mflo $t7
	add $a3, $a3, $t7
	li $t8, 18
	sw $t8, image1array($a3)
	addi 	$a2, $0, GRAY1

	#Draws the Gray Pixel 1 Right of the Colored Pixel
	jal	draw_pixel
	j	loop1

#Colors the Pixel Indigo
color91:	
	li $t0, 76
	addi $a0, $a0, -1

	#Stores the Color Needed to Be Used
	lw	$a2, colors($t0)

	#Colors the Pixel
	jal	draw_pixel

	#Changes the Value of image1array at the Position to the New Color
	li $t8, 256
	mult $a1, $t8
	mflo $a3
	subi $a3, $a3, 4
	li $t8, 4
	mult $a0, $t8
	mflo $t7
	add $a3, $a3, $t7
	li $t8, 19
	sw $t8, image1array($a3)
	addi 	$a2, $0, GRAY1

	#Draws the Gray Pixel 1 Right of the Colored Pixel
	jal	draw_pixel
	j	loop1
	
#Moves the Current Position Pixel Up 1
up2:	
	#Accesses the Original Color of the Pixel that the Gray Pixel is Currently At
	li $t8, 256
	mult $a1, $t8
	mflo $a3
	subi $a3, $a3, 4
	li $t8, 4
	mult $a0, $t8
	mflo $t7
	add $a3, $a3, $t7
	lw $a2, image2array($a3)
	mult $a2, $t8
	mflo $t7
	lw $a2, colors($t7)
	addi $a0, $a0, -1

	#Draws the Original Color at the Current Position
	jal	draw_pixel
	addi $a0, $a0, -1
	addi	$a1, $a1, -1
	addi 	$a2, $0, GRAY1

	#Draws the Gray Pixel 1 Above the Old Gray Pixel
	jal	draw_pixel
	j	loop2

#Moves the Current Position Pixel Down 1
down2:	
	#Accesses the Original Color of the Pixel that the Gray Pixel is Currently At
	li $t8, 256
	mult $a1, $t8
	mflo $a3
	subi $a3, $a3, 4
	li $t8, 4
	mult $a0, $t8
	mflo $t7
	add $a3, $a3, $t7
	lw $a2, image2array($a3)
	mult $a2, $t8
	mflo $t7
	lw $a2, colors($t7)
	addi $a0, $a0, -1
	jal	draw_pixel
	addi $a0, $a0, -1

	#Draws the Original Color at the Current Position
	addi	$a1, $a1, 1
	addi 	$a2, $0, GRAY1

	#Draws the Gray Pixel 1 Above the Old Gray Pixel
	jal	draw_pixel
	j	loop2

#Moves the Current Position Pixel Left 1	
left2:	
	#Accesses the Original Color of the Pixel that the Gray Pixel is Currently At
	li $t8, 256
	mult $a1, $t8
	mflo $a3
	subi $a3, $a3, 4
	li $t8, 4
	mult $a0, $t8
	mflo $t7
	add $a3, $a3, $t7
	lw $a2, image2array($a3)
	mult $a2, $t8
	mflo $t7
	lw $a2, colors($t7)
	addi $a0, $a0, -1

	#Draws the Original Color at the Current Position
	jal	draw_pixel
	addi	$a0, $a0, -2
	addi 	$a2, $0, GRAY1

	#Draws the Gray Pixel 1 Above the Old Gray Pixel
	jal	draw_pixel
	j	loop2

#Moves the Current Position Pixel Right 1
right2:	
	#Accesses the Original Color of the Pixel that the Gray Pixel is Currently At
	li $t8, 256
	mult $a1, $t8
	mflo $a3
	subi $a3, $a3, 4
	li $t8, 4
	mult $a0, $t8
	mflo $t7
	add $a3, $a3, $t7
	lw $a2, image2array($a3)
	mult $a2, $t8
	mflo $t7
	lw $a2, colors($t7)
	addi $a0, $a0, -1

	#Draws the Original Color at the Current Position
	jal	draw_pixel
	addi 	$a2, $0, GRAY1

	#Draws the Gray Pixel 1 Above the Old Gray Pixel
	jal	draw_pixel	
	j	loop2

#Colors the Pixel Black
color02:	
	li $t0, 40
	addi $a0, $a0, -1

	#Stores the Color Needed to Be Used
	lw	$a2, colors($t0)

	#Colors the Pixel
	jal	draw_pixel

	#Changes the Value of image1array at the Position to the New Color
	li $t8, 256
	mult $a1, $t8
	mflo $a3
	subi $a3, $a3, 4
	li $t8, 4
	mult $a0, $t8
	mflo $t7
	add $a3, $a3, $t7
	li $t8, 10
	sw $t8, image2array($a3)
	addi 	$a2, $0, GRAY1

	#Draws the Gray Pixel 1 Right of the Colored Pixel
	jal	draw_pixel
	j	loop2

#Colors the Pixel White
color12:	
	li $t0, 44
	addi $a0, $a0, -1

	#Stores the Color Needed to Be Used
	lw	$a2, colors($t0)

	#Colors the Pixel
	jal	draw_pixel

	#Changes the Value of image1array at the Position to the New Color
	li $t8, 256
	mult $a1, $t8
	mflo $a3
	subi $a3, $a3, 4
	li $t8, 4
	mult $a0, $t8
	mflo $t7
	add $a3, $a3, $t7
	li $t8, 11
	sw $t8, image2array($a3)
	addi 	$a2, $0, GRAY1

	#Draws the Gray Pixel 1 Right of the Colored Pixel
	jal	draw_pixel
	j	loop2

#Colors the Pixel Green1
color22:	
	li $t0, 48
	addi $a0, $a0, -1

	#Stores the Color Needed to Be Used
	lw	$a2, colors($t0)

	#Colors the Pixel
	jal	draw_pixel

	#Changes the Value of image1array at the Position to the New Color
	li $t8, 256
	mult $a1, $t8
	mflo $a3
	subi $a3, $a3, 4
	li $t8, 4
	mult $a0, $t8
	mflo $t7
	add $a3, $a3, $t7
	li $t8, 12
	sw $t8, image2array($a3)
	addi 	$a2, $0, GRAY1

	#Draws the Gray Pixel 1 Right of the Colored Pixel
	jal	draw_pixel
	j	loop2

#Colors the Pixel Green2
color32:	
	li $t0, 52
	addi $a0, $a0, -1

	#Stores the Color Needed to Be Used
	lw	$a2, colors($t0)

	#Colors the Pixel
	jal	draw_pixel

	#Changes the Value of image1array at the Position to the New Color
	li $t8, 256
	mult $a1, $t8
	mflo $a3
	subi $a3, $a3, 4
	li $t8, 4
	mult $a0, $t8
	mflo $t7
	add $a3, $a3, $t7
	li $t8, 13
	sw $t8, image2array($a3)
	addi 	$a2, $0, GRAY1

	#Draws the Gray Pixel 1 Right of the Colored Pixel
	jal	draw_pixel
	j	loop2

#Colors the Pixel Green3
color42:	
	li $t0, 56
	addi $a0, $a0, -1

	#Stores the Color Needed to Be Used
	lw	$a2, colors($t0)

	#Colors the Pixel
	jal	draw_pixel

	#Changes the Value of image1array at the Position to the New Color
	li $t8, 256
	mult $a1, $t8
	mflo $a3
	subi $a3, $a3, 4
	li $t8, 4
	mult $a0, $t8
	mflo $t7
	add $a3, $a3, $t7
	li $t8, 14
	sw $t8, image2array($a3)
	addi 	$a2, $0, GRAY1

	#Draws the Gray Pixel 1 Right of the Colored Pixel
	jal	draw_pixel
	j	loop2

#Colors the Pixel Green4
color52:	
	li $t0, 60
	addi $a0, $a0, -1

	#Stores the Color Needed to Be Used
	lw	$a2, colors($t0)

	#Colors the Pixel
	jal	draw_pixel

	#Changes the Value of image1array at the Position to the New Color
	li $t8, 256
	mult $a1, $t8
	mflo $a3
	subi $a3, $a3, 4
	li $t8, 4
	mult $a0, $t8
	mflo $t7
	add $a3, $a3, $t7
	li $t8, 15
	sw $t8, image2array($a3)
	addi 	$a2, $0, GRAY1

	#Draws the Gray Pixel 1 Right of the Colored Pixel
	jal	draw_pixel
	j	loop2

#Colors the Pixel Red1
color62:	
	li $t0, 64
	addi $a0, $a0, -1

	#Stores the Color Needed to Be Used
	lw	$a2, colors($t0)

	#Colors the Pixel
	jal	draw_pixel

	#Changes the Value of image1array at the Position to the New Color
	li $t8, 256
	mult $a1, $t8
	mflo $a3
	subi $a3, $a3, 4
	li $t8, 4
	mult $a0, $t8
	mflo $t7
	add $a3, $a3, $t7
	li $t8, 16
	sw $t8, image2array($a3)
	addi 	$a2, $0, GRAY1

	#Draws the Gray Pixel 1 Right of the Colored Pixel
	jal	draw_pixel
	j	loop2
	
#Colors the Pixel Red2
color72:	
	li $t0, 68
	addi $a0, $a0, -1

	#Stores the Color Needed to Be Used
	lw	$a2, colors($t0)

	#Colors the Pixel
	jal	draw_pixel

	#Changes the Value of image1array at the Position to the New Color
	li $t8, 256
	mult $a1, $t8
	mflo $a3
	subi $a3, $a3, 4
	li $t8, 4
	mult $a0, $t8
	mflo $t7
	add $a3, $a3, $t7
	li $t8, 17
	sw $t8, image2array($a3)
	addi 	$a2, $0, GRAY1

	#Draws the Gray Pixel 1 Right of the Colored Pixel
	jal	draw_pixel
	j	loop2

#Colors the Pixel Red3
color82:	
	li $t0, 72
	addi $a0, $a0, -1

	#Stores the Color Needed to Be Used
	lw	$a2, colors($t0)

	#Colors the Pixel
	jal	draw_pixel

	#Changes the Value of image1array at the Position to the New Color
	li $t8, 256
	mult $a1, $t8
	mflo $a3
	subi $a3, $a3, 4
	li $t8, 4
	mult $a0, $t8
	mflo $t7
	add $a3, $a3, $t7
	li $t8, 18
	sw $t8, image2array($a3)
	addi 	$a2, $0, GRAY1

	#Draws the Gray Pixel 1 Right of the Colored Pixel
	jal	draw_pixel
	j	loop2

#Colors the Pixel Red4
color92:	
	li $t0, 76
	addi $a0, $a0, -1

	#Stores the Color Needed to Be Used
	lw	$a2, colors($t0)

	#Colors the Pixel
	jal	draw_pixel

	#Changes the Value of image1array at the Position to the New Color
	li $t8, 256
	mult $a1, $t8
	mflo $a3
	subi $a3, $a3, 4
	li $t8, 4
	mult $a0, $t8
	mflo $t7
	add $a3, $a3, $t7
	li $t8, 19
	sw $t8, image2array($a3)
	addi 	$a2, $0, GRAY1

	#Draws the Gray Pixel 1 Right of the Colored Pixel
	jal	draw_pixel
	j	loop2

#Moves the Current Position Pixel Up 1
up3:	
	#Accesses the Original Color of the Pixel that the Gray Pixel is Currently At
	li $t8, 256
	mult $a1, $t8
	mflo $a3
	subi $a3, $a3, 4
	li $t8, 4
	mult $a0, $t8
	mflo $t7
	add $a3, $a3, $t7
	lw $a2, image3array($a3)
	mult $a2, $t8
	mflo $t7
	lw $a2, colors($t7)
	addi $a0, $a0, -1

	#Draws the Original Color at the Current Position
	jal	draw_pixel
	addi $a0, $a0, -1
	addi	$a1, $a1, -1
	addi 	$a2, $0, GRAY1

	#Draws the Gray Pixel 1 Above the Old Gray Pixel
	jal	draw_pixel
	j	loop3

#Moves the Current Position Pixel Down 1
down3:	
	#Accesses the Original Color of the Pixel that the Gray Pixel is Currently At
	li $t8, 256
	mult $a1, $t8
	mflo $a3
	subi $a3, $a3, 4
	li $t8, 4
	mult $a0, $t8
	mflo $t7
	add $a3, $a3, $t7
	lw $a2, image3array($a3)
	mult $a2, $t8
	mflo $t7
	lw $a2, colors($t7)
	addi $a0, $a0, -1
	jal	draw_pixel
	addi $a0, $a0, -1

	#Draws the Original Color at the Current Position
	addi	$a1, $a1, 1
	addi 	$a2, $0, GRAY1

	#Draws the Gray Pixel 1 Above the Old Gray Pixel
	jal	draw_pixel
	j	loop3

#Moves the Current Position Pixel Left 1	
left3:	
	#Accesses the Original Color of the Pixel that the Gray Pixel is Currently At
	li $t8, 256
	mult $a1, $t8
	mflo $a3
	subi $a3, $a3, 4
	li $t8, 4
	mult $a0, $t8
	mflo $t7
	add $a3, $a3, $t7
	lw $a2, image3array($a3)
	mult $a2, $t8
	mflo $t7
	lw $a2, colors($t7)
	addi $a0, $a0, -1

	#Draws the Original Color at the Current Position
	jal	draw_pixel
	addi	$a0, $a0, -2
	addi 	$a2, $0, GRAY1

	#Draws the Gray Pixel 1 Above the Old Gray Pixel
	jal	draw_pixel
	j	loop3

#Moves the Current Position Pixel Right 1
right3:	
	#Accesses the Original Color of the Pixel that the Gray Pixel is Currently At
	li $t8, 256
	mult $a1, $t8
	mflo $a3
	subi $a3, $a3, 4
	li $t8, 4
	mult $a0, $t8
	mflo $t7
	add $a3, $a3, $t7
	lw $a2, image3array($a3)
	mult $a2, $t8
	mflo $t7
	lw $a2, colors($t7)
	addi $a0, $a0, -1

	#Draws the Original Color at the Current Position
	jal	draw_pixel
	addi 	$a2, $0, GRAY1

	#Draws the Gray Pixel 1 Above the Old Gray Pixel
	jal	draw_pixel	
	j	loop3

#Colors the Pixel Black
color03:	
	li $t0, 40
	addi $a0, $a0, -1

	#Stores the Color Needed to Be Used
	lw	$a2, colors($t0)

	#Colors the Pixel
	jal	draw_pixel

	#Changes the Value of image1array at the Position to the New Color
	li $t8, 256
	mult $a1, $t8
	mflo $a3
	subi $a3, $a3, 4
	li $t8, 4
	mult $a0, $t8
	mflo $t7
	add $a3, $a3, $t7
	li $t8, 10
	sw $t8, image3array($a3)
	addi 	$a2, $0, GRAY1

	#Draws the Gray Pixel 1 Right of the Colored Pixel
	jal	draw_pixel
	j	loop3

#Colors the Pixel White
color13:	
	li $t0, 44
	addi $a0, $a0, -1

	#Stores the Color Needed to Be Used
	lw	$a2, colors($t0)

	#Colors the Pixel
	jal	draw_pixel

	#Changes the Value of image1array at the Position to the New Color
	li $t8, 256
	mult $a1, $t8
	mflo $a3
	subi $a3, $a3, 4
	li $t8, 4
	mult $a0, $t8
	mflo $t7
	add $a3, $a3, $t7
	li $t8, 11
	sw $t8, image3array($a3)
	addi 	$a2, $0, GRAY1

	#Draws the Gray Pixel 1 Right of the Colored Pixel
	jal	draw_pixel
	j	loop3

#Colors the Pixel Green1
color23:	
	li $t0, 48
	addi $a0, $a0, -1

	#Stores the Color Needed to Be Used
	lw	$a2, colors($t0)

	#Colors the Pixel
	jal	draw_pixel

	#Changes the Value of image1array at the Position to the New Color
	li $t8, 256
	mult $a1, $t8
	mflo $a3
	subi $a3, $a3, 4
	li $t8, 4
	mult $a0, $t8
	mflo $t7
	add $a3, $a3, $t7
	li $t8, 12
	sw $t8, image3array($a3)
	addi 	$a2, $0, GRAY1

	#Draws the Gray Pixel 1 Right of the Colored Pixel
	jal	draw_pixel
	j	loop3

#Colors the Pixel Green2
color33:	
	li $t0, 52
	addi $a0, $a0, -1

	#Stores the Color Needed to Be Used
	lw	$a2, colors($t0)

	#Colors the Pixel
	jal	draw_pixel

	#Changes the Value of image1array at the Position to the New Color
	li $t8, 256
	mult $a1, $t8
	mflo $a3
	subi $a3, $a3, 4
	li $t8, 4
	mult $a0, $t8
	mflo $t7
	add $a3, $a3, $t7
	li $t8, 13
	sw $t8, image3array($a3)
	addi 	$a2, $0, GRAY1

	#Draws the Gray Pixel 1 Right of the Colored Pixel
	jal	draw_pixel
	j	loop3

#Colors the Pixel Green3
color43:	
	li $t0, 56
	addi $a0, $a0, -1

	#Stores the Color Needed to Be Used
	lw	$a2, colors($t0)

	#Colors the Pixel
	jal	draw_pixel

	#Changes the Value of image1array at the Position to the New Color
	li $t8, 256
	mult $a1, $t8
	mflo $a3
	subi $a3, $a3, 4
	li $t8, 4
	mult $a0, $t8
	mflo $t7
	add $a3, $a3, $t7
	li $t8, 14
	sw $t8, image3array($a3)
	addi 	$a2, $0, GRAY1

	#Draws the Gray Pixel 1 Right of the Colored Pixel
	jal	draw_pixel
	j	loop3

#Colors the Pixel Green4
color53:	
	li $t0, 60
	addi $a0, $a0, -1

	#Stores the Color Needed to Be Used
	lw	$a2, colors($t0)

	#Colors the Pixel
	jal	draw_pixel

	#Changes the Value of image1array at the Position to the New Color
	li $t8, 256
	mult $a1, $t8
	mflo $a3
	subi $a3, $a3, 4
	li $t8, 4
	mult $a0, $t8
	mflo $t7
	add $a3, $a3, $t7
	li $t8, 15
	sw $t8, image3array($a3)
	addi 	$a2, $0, GRAY1

	#Draws the Gray Pixel 1 Right of the Colored Pixel
	jal	draw_pixel
	j	loop3

#Colors the Pixel Red1
color63:	
	li $t0, 64
	addi $a0, $a0, -1

	#Stores the Color Needed to Be Used
	lw	$a2, colors($t0)

	#Colors the Pixel
	jal	draw_pixel

	#Changes the Value of image1array at the Position to the New Color
	li $t8, 256
	mult $a1, $t8
	mflo $a3
	subi $a3, $a3, 4
	li $t8, 4
	mult $a0, $t8
	mflo $t7
	add $a3, $a3, $t7
	li $t8, 16
	sw $t8, image3array($a3)
	addi 	$a2, $0, GRAY1

	#Draws the Gray Pixel 1 Right of the Colored Pixel
	jal	draw_pixel
	j	loop3
	
#Colors the Pixel Red2
color73:	
	li $t0, 68
	addi $a0, $a0, -1

	#Stores the Color Needed to Be Used
	lw	$a2, colors($t0)

	#Colors the Pixel
	jal	draw_pixel

	#Changes the Value of image1array at the Position to the New Color
	li $t8, 256
	mult $a1, $t8
	mflo $a3
	subi $a3, $a3, 4
	li $t8, 4
	mult $a0, $t8
	mflo $t7
	add $a3, $a3, $t7
	li $t8, 17
	sw $t8, image3array($a3)
	addi 	$a2, $0, GRAY1

	#Draws the Gray Pixel 1 Right of the Colored Pixel
	jal	draw_pixel
	j	loop3

#Colors the Pixel Red3
color83:	
	li $t0, 72
	addi $a0, $a0, -1

	#Stores the Color Needed to Be Used
	lw	$a2, colors($t0)

	#Colors the Pixel
	jal	draw_pixel

	#Changes the Value of image1array at the Position to the New Color
	li $t8, 256
	mult $a1, $t8
	mflo $a3
	subi $a3, $a3, 4
	li $t8, 4
	mult $a0, $t8
	mflo $t7
	add $a3, $a3, $t7
	li $t8, 18
	sw $t8, image3array($a3)
	addi 	$a2, $0, GRAY1

	#Draws the Gray Pixel 1 Right of the Colored Pixel
	jal	draw_pixel
	j	loop3

#Colors the Pixel Red4
color93:	
	li $t0, 76
	addi $a0, $a0, -1

	#Stores the Color Needed to Be Used
	lw	$a2, colors($t0)

	#Colors the Pixel
	jal	draw_pixel

	#Changes the Value of image1array at the Position to the New Color
	li $t8, 256
	mult $a1, $t8
	mflo $a3
	subi $a3, $a3, 4
	li $t8, 4
	mult $a0, $t8
	mflo $t7
	add $a3, $a3, $t7
	li $t8, 19
	sw $t8, image3array($a3)
	addi 	$a2, $0, GRAY1

	#Draws the Gray Pixel 1 Right of the Colored Pixel
	jal	draw_pixel
	j	loop3

draw_pixel:
	# s1 = address = $gp + 4*(x + y*width)
	mul	$t9, $a1, WIDTH   # y * WIDTH
	add	$t9, $t9, $a0	  # add X
	mul	$t9, $t9, 4	  # multiply by 4 to get word offset
	add	$t9, $t9, $gp	  # add to base address
	sw	$a2, ($t9)	  # store color at memory location
	addi $a0, $a0, 1
	jr 	$ra

#Exit Function
exit:
  li	$v0, 10
	syscall
